100
58 36 43 30
32 38 58 40
1 74 24 93
47 2 56 30
56 21 76 72
96 37 92 67
46 30 25 58
78 62 93 67
61 46 76 8
48 50 26 46
36 65 43 23
42 42 25 25
34 31 31 9
85 15 86 62
28 87 36 96
92 23 69 74
60 0 4 69
39 39 76 0
19 64 4 23
3 94 79 25
78 59 28 79
89 14 39 31
34 57 14 63
19 24 20 27
88 5 6 53
36 19 57 26
4 68 32 18
19 20 2 20
83 21 42 42
77 44 50 47
63 28 85 15
89 32 88 68
7 1 20 29
77 7 4 75
5 32 40 58
31 62 34 47
37 39 89 58
27 18 60 17
75 25 1 9
32 60 71 55
76 63 37 13
85 72 52 81
59 54 7 69
85 23 35 69
70 96 8 69
52 9 19 96
54 39 38 88
63 63 82 29
41 76 74 59
89 74 88 85
92 5 70 35
76 31 91 56
65 7 22 86
44 77 31 32
14 78 16 68
66 51 25 45
38 38 70 98
81 7 44 67
73 4 53 54
2 90 70 70
46 15 71 70
17 8 20 48
43 3 44 4
67 90 50 40
40 8 90 64
99 100 3 94
2 39 59 85
15 75 80 83
56 49 52 71
87 24 33 10
60 50 82 97
90 61 19 62
0 86 82 3
63 31 55 25
8 94 45 91
100 69 53 63
1 80 76 16
58 1 5 83
87 33 26 73
9 0 70 89
100 43 63 72
44 92 66 57
61 3 52 76
46 45 14 17
76 4 61 43
68 85 53 90
99 1 24 83
66 54 96 88
86 88 52 45
4 48 48 80
99 91 47 64
32 61 26 64
77 25 9 30
95 64 51 70
40 45 41 92
74 19 41 6
56 78 6 90
58 67 41 79
8 92 37 17
32 42 17 50
88 70 26 94
67 19 59 73
95 60 52 58
34 45 80 21
43 74 77 94
70 76 26 85
20 5 80 83
82 8 37 34
72 95 69 34
3 41 92 15
10 1 78 39
100 33 80 13
26 75 79 5
93 62 59 41
22 0 5 33
11 78 54 84
98 62 72 15
75 24 48 32
19 97 5 85
0 4 66 75
5 31 31 25
74 21 16 16
40 65 5 42
14 97 51 16
35 0 16 82
7 83 65 33
19 18 74 18
59 12 67 7
86 86 16 47
77 53 12 68
13 13 66 46
37 30 73 80
77 28 91 81
90 42 25 39
36 98 12 3
98 90 81 16
96 83 2 37
87 87 12 0
36 75 91 12
1 25 12 69
8 36 89 97
3 24 62 61
83 87 86 37
23 56 56 35
12 5 36 26
39 53 49 49
88 58 59 48
11 54 89 20
45 68 91 57
30 8 93 88
41 30 16 50
40 32 35 94
95 7 27 48
65 1 18 46
49 49 32 32
13 27 45 90
100 26 13 68
74 87 7 45
12 13 92 44
15 3 18 31
10 61 43 97
16 2 3 33
77 95 73 21
82 67 37 45
98 94 32 88
79 41 96 29
13 56 9 32
21 36 19 60
41 85 33 67
56 60 23 43
5 34 8 38
45 90 4 60
2 92 41 58
8 86 88 93
1 67 78 52
93 3 21 97
96 51 32 62
19 78 18 71
45 85 50 33
76 65 99 4
22 64 66 63
4 37 91 62
79 40 56 8
31 64 89 98
23 29 72 13
71 38 22 15
42 32 1 35
57 65 79 58
70 19 29 89
27 11 70 2
12 56 61 77
92 87 82 88
8 22 81 9
40 79 64 43
88 1 30 39
10 100 75 24
58 21 64 93
91 35 19 2
82 72 87 56
8 49 15 64
