500
341 341 1 1
490 490 2 2
75 75 3 3
189 189 4 4
299 299 5 5
34 34 6 6
81 81 7 7
117 117 8 8
199 199 9 9
131 131 10 10
380 380 11 11
394 394 12 12
87 87 13 13
356 356 14 14
467 467 15 15
151 151 16 16
389 389 17 17
281 281 18 18
206 206 19 19
168 168 20 20
84 84 21 21
470 470 22 22
226 226 23 23
38 38 24 24
486 486 25 25
205 205 26 26
491 491 27 27
77 77 28 28
355 355 29 29
119 119 30 30
357 357 31 31
286 286 32 32
453 453 33 33
241 241 34 34
393 393 35 35
182 182 36 36
350 350 37 37
2 2 38 38
201 201 39 39
424 424 40 40
164 164 41 41
338 338 42 42
279 279 43 43
209 209 44 44
446 446 45 45
371 371 46 46
3 3 47 47
377 377 48 48
263 263 49 49
372 372 50 50
74 74 51 51
450 450 52 52
319 319 53 53
277 277 54 54
229 229 55 55
233 233 56 56
433 433 57 57
214 214 58 58
477 477 59 59
249 249 60 60
272 272 61 61
186 186 62 62
97 97 63 63
444 444 64 64
149 149 65 65
27 27 66 66
30 30 67 67
489 489 68 68
307 307 69 69
26 26 70 70
464 464 71 71
317 317 72 72
287 287 73 73
343 343 74 74
409 409 75 75
19 19 76 76
211 211 77 77
169 169 78 78
32 32 79 79
52 52 80 80
294 294 81 81
447 447 82 82
474 474 83 83
266 266 84 84
237 237 85 85
445 445 86 86
154 154 87 87
327 327 88 88
419 419 89 89
468 468 90 90
280 280 91 91
179 179 92 92
104 104 93 93
204 204 94 94
361 361 95 95
469 469 96 96
224 224 97 97
442 442 98 98
130 130 99 99
35 35 100 100
295 295 101 101
66 66 102 102
242 242 103 103
216 216 104 104
443 443 105 105
276 276 106 106
191 191 107 107
96 96 108 108
430 430 109 109
257 257 110 110
137 137 111 111
82 82 112 112
244 244 113 113
39 39 114 114
460 460 115 115
483 483 116 116
480 480 117 117
225 225 118 118
243 243 119 119
271 271 120 120
94 94 121 121
121 121 122 122
79 79 123 123
456 456 124 124
391 391 125 125
499 499 126 126
408 408 127 127
105 105 128 128
44 44 129 129
122 122 130 130
59 59 131 131
85 85 132 132
17 17 133 133
268 268 134 134
41 41 135 135
418 418 136 136
6 6 137 137
72 72 138 138
339 339 139 139
479 479 140 140
236 236 141 141
416 416 142 142
175 175 143 143
78 78 144 144
132 132 145 145
13 13 146 146
344 344 147 147
463 463 148 148
247 247 149 149
200 200 150 150
340 340 151 151
320 320 152 152
485 485 153 153
73 73 154 154
68 68 155 155
412 412 156 156
462 462 157 157
235 235 158 158
251 251 159 159
254 254 160 160
22 22 161 161
260 260 162 162
262 262 163 163
126 126 164 164
95 95 165 165
210 210 166 166
411 411 167 167
215 215 168 168
185 185 169 169
220 220 170 170
300 300 171 171
283 283 172 172
360 360 173 173
139 139 174 174
183 183 175 175
282 282 176 176
381 381 177 177
431 431 178 178
448 448 179 179
292 292 180 180
194 194 181 181
223 223 182 182
162 162 183 183
367 367 184 184
9 9 185 185
7 7 186 186
458 458 187 187
275 275 188 188
246 246 189 189
497 497 190 190
57 57 191 191
437 437 192 192
197 197 193 193
111 111 194 194
40 40 195 195
496 496 196 196
289 289 197 197
278 278 198 198
303 303 199 199
422 422 200 200
116 116 201 201
284 284 202 202
325 325 203 203
291 291 204 204
297 297 205 205
259 259 206 206
318 318 207 207
146 146 208 208
133 133 209 209
160 160 210 210
269 269 211 211
316 316 212 212
53 53 213 213
285 285 214 214
172 172 215 215
494 494 216 216
365 365 217 217
436 436 218 218
245 245 219 219
256 256 220 220
253 253 221 221
373 373 222 222
293 293 223 223
250 250 224 224
359 359 225 225
120 120 226 226
43 43 227 227
397 397 228 228
177 177 229 229
352 352 230 230
136 136 231 231
115 115 232 232
202 202 233 233
386 386 234 234
174 174 235 235
345 345 236 236
42 42 237 237
451 451 238 238
178 178 239 239
173 173 240 240
71 71 241 241
106 106 242 242
425 425 243 243
217 217 244 244
163 163 245 245
363 363 246 246
488 488 247 247
155 155 248 248
69 69 249 249
153 153 250 250
102 102 251 251
383 383 252 252
125 125 253 253
218 218 254 254
440 440 255 255
14 14 256 256
387 387 257 257
20 20 258 258
114 114 259 259
55 55 260 260
180 180 261 261
88 88 262 262
51 51 263 263
159 159 264 264
23 23 265 265
228 228 266 266
333 333 267 267
124 124 268 268
157 157 269 269
376 376 270 270
420 420 271 271
90 90 272 272
50 50 273 273
12 12 274 274
399 399 275 275
58 58 276 276
273 273 277 277
370 370 278 278
378 378 279 279
404 404 280 280
158 158 281 281
31 31 282 282
375 375 283 283
83 83 284 284
471 471 285 285
402 402 286 286
315 315 287 287
29 29 288 288
181 181 289 289
368 368 290 290
382 382 291 291
432 432 292 292
8 8 293 293
330 330 294 294
395 395 295 295
332 332 296 296
438 438 297 297
313 313 298 298
239 239 299 299
455 455 300 300
93 93 301 301
493 493 302 302
100 100 303 303
388 388 304 304
138 138 305 305
475 475 306 306
193 193 307 307
196 196 308 308
56 56 309 309
91 91 310 310
270 270 311 311
212 212 312 312
103 103 313 313
417 417 314 314
379 379 315 315
5 5 316 316
203 203 317 317
144 144 318 318
230 230 319 319
108 108 320 320
336 336 321 321
452 452 322 322
321 321 323 323
484 484 324 324
61 61 325 325
156 156 326 326
301 301 327 327
414 414 328 328
48 48 329 329
70 70 330 330
195 195 331 331
407 407 332 332
145 145 333 333
429 429 334 334
207 207 335 335
258 258 336 336
123 123 337 337
147 147 338 338
348 348 339 339
434 434 340 340
267 267 341 341
238 238 342 342
165 165 343 343
298 298 344 344
213 213 345 345
49 49 346 346
362 362 347 347
498 498 348 348
324 324 349 349
192 192 350 350
435 435 351 351
112 112 352 352
208 208 353 353
296 296 354 354
140 140 355 355
439 439 356 356
351 351 357 357
135 135 358 358
349 349 359 359
10 10 360 360
118 118 361 361
240 240 362 362
454 454 363 363
342 342 364 364
423 423 365 365
369 369 366 366
63 63 367 367
150 150 368 368
15 15 369 369
398 398 370 370
354 354 371 371
428 428 372 372
347 347 373 373
219 219 374 374
167 167 375 375
4 4 376 376
33 33 377 377
329 329 378 378
400 400 379 379
461 461 380 380
89 89 381 381
441 441 382 382
80 80 383 383
221 221 384 384
86 86 385 385
288 288 386 386
495 495 387 387
323 323 388 388
410 410 389 389
76 76 390 390
482 482 391 391
466 466 392 392
309 309 393 393
198 198 394 394
459 459 395 395
18 18 396 396
170 170 397 397
101 101 398 398
148 148 399 399
37 37 400 400
98 98 401 401
465 465 402 402
426 426 403 403
328 328 404 404
109 109 405 405
478 478 406 406
487 487 407 407
427 427 408 408
449 449 409 409
113 113 410 410
227 227 411 411
302 302 412 412
187 187 413 413
255 255 414 414
54 54 415 415
234 234 416 416
222 222 417 417
110 110 418 418
161 161 419 419
346 346 420 420
171 171 421 421
99 99 422 422
36 36 423 423
405 405 424 424
406 406 425 425
385 385 426 426
184 184 427 427
248 248 428 428
314 314 429 429
310 310 430 430
176 176 431 431
152 152 432 432
401 401 433 433
308 308 434 434
334 334 435 435
45 45 436 436
11 11 437 437
390 390 438 438
274 274 439 439
392 392 440 440
21 21 441 441
62 62 442 442
331 331 443 443
457 457 444 444
312 312 445 445
335 335 446 446
16 16 447 447
305 305 448 448
28 28 449 449
472 472 450 450
25 25 451 451
304 304 452 452
143 143 453 453
353 353 454 454
134 134 455 455
413 413 456 456
107 107 457 457
188 188 458 458
261 261 459 459
364 364 460 460
500 500 461 461
129 129 462 462
232 232 463 463
65 65 464 464
374 374 465 465
415 415 466 466
481 481 467 467
384 384 468 468
92 92 469 469
190 190 470 470
290 290 471 471
403 403 472 472
142 142 473 473
311 311 474 474
358 358 475 475
46 46 476 476
166 166 477 477
366 366 478 478
492 492 479 479
476 476 480 480
252 252 481 481
421 421 482 482
128 128 483 483
24 24 484 484
60 60 485 485
265 265 486 486
141 141 487 487
337 337 488 488
473 473 489 489
396 396 490 490
326 326 491 491
47 47 492 492
306 306 493 493
264 264 494 494
64 64 495 495
322 322 496 496
127 127 497 497
231 231 498 498
67 67 499 499
0 0 500 500
123 123 1 1
60 60 2 2
165 165 3 3
148 148 4 4
489 489 5 5
338 338 6 6
124 124 7 7
211 211 8 8
430 430 9 9
24 24 10 10
210 210 11 11
102 102 12 12
439 439 13 13
23 23 14 14
437 437 15 15
178 178 16 16
457 457 17 17
491 491 18 18
477 477 19 19
458 458 20 20
279 279 21 21
42 42 22 22
267 267 23 23
319 319 24 24
335 335 25 25
111 111 26 26
498 498 27 27
448 448 28 28
249 249 29 29
346 346 30 30
122 122 31 31
131 131 32 32
417 417 33 33
4 4 34 34
492 492 35 35
269 269 36 36
339 339 37 37
132 132 38 38
414 414 39 39
442 442 40 40
245 245 41 41
117 117 42 42
281 281 43 43
233 233 44 44
412 412 45 45
184 184 46 46
418 418 47 47
487 487 48 48
88 88 49 49
447 447 50 50
32 32 51 51
197 197 52 52
293 293 53 53
113 113 54 54
28 28 55 55
302 302 56 56
125 125 57 57
181 181 58 58
70 70 59 59
367 367 60 60
490 490 61 61
8 8 62 62
94 94 63 63
12 12 64 64
395 395 65 65
468 468 66 66
369 369 67 67
384 384 68 68
223 223 69 69
187 187 70 70
470 470 71 71
260 260 72 72
392 392 73 73
398 398 74 74
121 121 75 75
115 115 76 76
5 5 77 77
284 284 78 78
337 337 79 79
202 202 80 80
247 247 81 81
362 362 82 82
128 128 83 83
406 406 84 84
53 53 85 85
67 67 86 86
432 432 87 87
179 179 88 88
222 222 89 89
239 239 90 90
277 277 91 91
291 291 92 92
174 174 93 93
221 221 94 94
496 496 95 95
188 188 96 96
149 149 97 97
56 56 98 98
43 43 99 99
433 433 100 100
11 11 101 101
214 214 102 102
262 262 103 103
135 135 104 104
216 216 105 105
322 322 106 106
13 13 107 107
236 236 108 108
360 360 109 109
73 73 110 110
30 30 111 111
402 402 112 112
40 40 113 113
366 366 114 114
79 79 115 115
446 446 116 116
350 350 117 117
347 347 118 118
330 330 119 119
107 107 120 120
493 493 121 121
387 387 122 122
451 451 123 123
218 218 124 124
403 403 125 125
3 3 126 126
171 171 127 127
497 497 128 128
389 389 129 129
63 63 130 130
386 386 131 131
231 231 132 132
74 74 133 133
481 481 134 134
298 298 135 135
172 172 136 136
190 190 137 137
325 325 138 138
243 243 139 139
95 95 140 140
203 203 141 141
332 332 142 142
35 35 143 143
138 138 144 144
253 253 145 145
373 373 146 146
352 352 147 147
482 482 148 148
31 31 149 149
479 479 150 150
164 164 151 151
270 270 152 152
288 288 153 153
238 238 154 154
185 185 155 155
208 208 156 156
84 84 157 157
440 440 158 158
381 381 159 159
46 46 160 160
48 48 161 161
118 118 162 162
230 230 163 163
176 176 164 164
371 371 165 165
49 49 166 166
175 175 167 167
271 271 168 168
145 145 169 169
17 17 170 170
377 377 171 171
195 195 172 172
476 476 173 173
409 409 174 174
213 213 175 175
87 87 176 176
167 167 177 177
258 258 178 178
272 272 179 179
374 374 180 180
329 329 181 181
475 475 182 182
372 372 183 183
232 232 184 184
85 85 185 185
18 18 186 186
71 71 187 187
136 136 188 188
77 77 189 189
273 273 190 190
275 275 191 191
10 10 192 192
376 376 193 193
61 61 194 194
235 235 195 195
134 134 196 196
162 162 197 197
427 427 198 198
483 483 199 199
163 163 200 200
388 388 201 201
355 355 202 202
240 240 203 203
141 141 204 204
349 349 205 205
170 170 206 206
282 282 207 207
234 234 208 208
155 155 209 209
455 455 210 210
119 119 211 211
488 488 212 212
320 320 213 213
224 224 214 214
83 83 215 215
423 423 216 216
357 357 217 217
133 133 218 218
323 323 219 219
151 151 220 220
99 99 221 221
186 186 222 222
310 310 223 223
65 65 224 224
244 244 225 225
199 199 226 226
127 127 227 227
92 92 228 228
166 166 229 229
405 405 230 230
189 189 231 231
312 312 232 232
474 474 233 233
183 183 234 234
217 217 235 235
495 495 236 236
161 161 237 237
193 193 238 238
365 365 239 239
109 109 240 240
97 97 241 241
142 142 242 242
361 361 243 243
378 378 244 244
333 333 245 245
150 150 246 246
140 140 247 247
441 441 248 248
348 348 249 249
146 146 250 250
137 137 251 251
305 305 252 252
15 15 253 253
467 467 254 254
169 169 255 255
306 306 256 256
317 317 257 257
93 93 258 258
96 96 259 259
75 75 260 260
478 478 261 261
499 499 262 262
51 51 263 263
263 263 264 264
26 26 265 265
22 22 266 266
438 438 267 267
25 25 268 268
98 98 269 269
321 321 270 270
300 300 271 271
294 294 272 272
425 425 273 273
14 14 274 274
341 341 275 275
33 33 276 276
251 251 277 277
304 304 278 278
274 274 279 279
261 261 280 280
90 90 281 281
307 307 282 282
390 390 283 283
180 180 284 284
422 422 285 285
191 191 286 286
429 429 287 287
280 280 288 288
315 315 289 289
160 160 290 290
404 404 291 291
36 36 292 292
435 435 293 293
500 500 294 294
276 276 295 295
382 382 296 296
37 37 297 297
101 101 298 298
420 420 299 299
295 295 300 300
69 69 301 301
396 396 302 302
228 228 303 303
351 351 304 304
64 64 305 305
177 177 306 306
110 110 307 307
250 250 308 308
328 328 309 309
454 454 310 310
342 342 311 311
419 419 312 312
296 296 313 313
206 206 314 314
318 318 315 315
62 62 316 316
379 379 317 317
7 7 318 318
309 309 319 319
314 314 320 320
59 59 321 321
465 465 322 322
201 201 323 323
257 257 324 324
266 266 325 325
426 426 326 326
383 383 327 327
209 209 328 328
252 252 329 329
47 47 330 330
463 463 331 331
38 38 332 332
265 265 333 333
484 484 334 334
290 290 335 335
464 464 336 336
200 200 337 337
278 278 338 338
485 485 339 339
227 227 340 340
100 100 341 341
299 299 342 342
344 344 343 343
50 50 344 344
292 292 345 345
147 147 346 346
434 434 347 347
316 316 348 348
89 89 349 349
192 192 350 350
461 461 351 351
424 424 352 352
81 81 353 353
268 268 354 354
139 139 355 355
336 336 356 356
68 68 357 357
459 459 358 358
410 410 359 359
226 226 360 360
91 91 361 361
159 159 362 362
444 444 363 363
469 469 364 364
343 343 365 365
436 436 366 366
326 326 367 367
21 21 368 368
225 225 369 369
168 168 370 370
194 194 371 371
108 108 372 372
255 255 373 373
219 219 374 374
301 301 375 375
340 340 376 376
303 303 377 377
120 120 378 378
58 58 379 379
237 237 380 380
456 456 381 381
39 39 382 382
86 86 383 383
264 264 384 384
106 106 385 385
173 173 386 386
248 248 387 387
54 54 388 388
408 408 389 389
308 308 390 390
385 385 391 391
205 205 392 392
158 158 393 393
55 55 394 394
327 327 395 395
415 415 396 396
486 486 397 397
428 428 398 398
104 104 399 399
246 246 400 400
324 324 401 401
215 215 402 402
20 20 403 403
394 394 404 404
358 358 405 405
256 256 406 406
286 286 407 407
6 6 408 408
466 466 409 409
57 57 410 410
241 241 411 411
452 452 412 412
359 359 413 413
450 450 414 414
196 196 415 415
364 364 416 416
380 380 417 417
473 473 418 418
144 144 419 419
353 353 420 420
154 154 421 421
126 126 422 422
289 289 423 423
80 80 424 424
66 66 425 425
41 41 426 426
285 285 427 427
27 27 428 428
229 229 429 429
156 156 430 430
287 287 431 431
9 9 432 432
114 114 433 433
112 112 434 434
129 129 435 435
494 494 436 436
462 462 437 437
460 460 438 438
45 45 439 439
19 19 440 440
449 449 441 441
443 443 442 442
311 311 443 443
453 453 444 444
354 354 445 445
400 400 446 446
82 82 447 447
198 198 448 448
283 283 449 449
212 212 450 450
356 356 451 451
105 105 452 452
44 44 453 453
34 34 454 454
72 72 455 455
157 157 456 456
52 52 457 457
143 143 458 458
334 334 459 459
401 401 460 460
130 130 461 461
391 391 462 462
242 242 463 463
375 375 464 464
2 2 465 465
153 153 466 466
413 413 467 467
480 480 468 468
368 368 469 469
204 204 470 470
207 207 471 471
345 345 472 472
411 411 473 473
103 103 474 474
363 363 475 475
399 399 476 476
78 78 477 477
254 254 478 478
471 471 479 479
297 297 480 480
313 313 481 481
397 397 482 482
407 407 483 483
445 445 484 484
182 182 485 485
421 421 486 486
152 152 487 487
393 393 488 488
76 76 489 489
116 116 490 490
331 331 491 491
416 416 492 492
370 370 493 493
472 472 494 494
431 431 495 495
16 16 496 496
259 259 497 497
29 29 498 498
220 220 499 499
500 500 500 500
