500
272 386 68 472
389 408 423 108
208 320 270 17
315 47 332 461
430 13 259 108
210 306 64 158
117 285 267 196
16 86 88 329
13 260 319 313
266 483 83 296
321 275 374 58
305 292 272 291
138 221 346 249
483 215 305 165
116 215 20 229
499 40 426 343
201 149 255 328
295 418 379 326
447 194 154 409
268 298 486 463
22 158 306 189
343 223 33 445
304 217 353 495
232 178 452 101
271 334 65 52
129 339 310 113
57 429 90 254
262 56 32 429
351 145 446 286
116 371 376 90
396 427 50 251
120 388 132 446
316 482 264 125
137 109 376 242
223 216 103 140
155 153 154 370
202 327 294 322
63 339 388 159
280 456 118 413
460 293 158 267
341 86 342 471
349 258 198 263
462 352 145 459
147 69 81 134
92 217 263 478
153 138 258 118
195 299 475 353
183 180 139 386
442 80 55 303
232 447 485 319
98 174 194 158
332 495 119 437
106 236 133 399
405 62 366 298
211 146 233 224
285 71 477 147
235 112 164 327
127 489 460 408
478 154 114 118
221 387 390 186
288 445 204 334
321 440 409 82
177 238 134 156
339 90 493 486
124 427 96 137
298 241 471 265
440 199 266 461
151 306 317 362
199 259 495 368
120 142 239 226
101 409 216 400
177 325 422 457
498 447 159 491
479 119 292 172
491 427 123 466
430 383 214 217
203 263 117 422
189 313 498 259
166 492 124 403
148 183 380 335
90 315 174 135
289 353 478 280
191 283 174 157
497 427 313 382
242 130 274 213
235 413 341 252
369 480 454 338
173 168 174 189
350 361 209 121
248 494 242 379
183 412 146 281
441 422 234 396
358 167 229 127
254 242 171 314
182 106 122 141
103 186 194 261
395 389 229 490
350 288 203 451
295 211 213 249
321 241 450 180
290 396 292 253
444 362 156 480
425 396 500 477
155 327 136 467
308 231 271 275
303 117 133 296
425 447 163 399
147 427 405 448
305 251 449 122
403 235 271 466
210 284 281 290
259 307 385 195
327 258 403 467
454 139 162 176
420 394 180 245
159 437 220 151
442 280 312 321
351 470 244 250
150 390 326 311
338 178 158 228
185 177 201 212
310 131 293 329
259 260 213 484
189 475 257 188
235 437 155 396
283 147 498 218
186 387 262 303
318 363 484 227
480 420 442 133
373 207 155 425
494 248 225 294
470 202 272 496
490 276 429 243
307 352 452 374
149 178 453 311
168 407 208 467
396 163 418 382
170 378 229 476
195 147 294 397
155 261 144 247
230 179 269 199
248 324 157 358
376 341 290 407
379 470 335 389
366 233 372 284
204 282 413 396
152 296 495 364
174 182 460 418
260 223 342 394
188 212 418 195
287 321 343 283
458 351 469 160
343 183 276 476
223 322 375 308
390 481 410 162
285 470 338 182
219 274 335 187
433 174 465 179
479 208 476 408
205 496 194 394
425 442 274 315
480 411 453 381
300 241 400 166
353 172 212 419
255 367 287 184
314 411 289 361
279 228 481 275
225 400 217 375
304 277 431 412
189 374 181 498
291 402 369 435
446 176 457 485
388 421 273 358
215 385 281 245
362 439 259 250
353 395 233 209
234 271 293 372
276 273 473 428
398 434 430 431
407 477 227 240
383 489 377 186
392 245 322 250
244 371 212 417
259 457 301 189
407 201 478 284
324 482 211 189
303 495 360 476
475 236 398 402
411 432 468 478
201 303 225 272
500 392 429 247
471 391 383 324
417 248 403 496
379 340 375 467
209 288 393 291
441 210 264 347
395 442 460 331
208 298 467 325
484 292 298 313
492 416 251 412
407 413 283 332
423 451 288 445
376 316 385 318
441 270 447 256
329 338 256 459
310 435 391 240
447 483 425 360
253 455 397 249
425 399 276 256
334 453 275 437
444 438 260 443
301 489 351 354
257 418 435 466
422 424 298 234
331 346 311 278
376 251 500 403
248 316 225 332
408 374 380 363
325 318 302 259
286 367 447 275
498 414 392 420
372 408 305 494
309 372 266 373
283 226 278 280
406 414 231 260
264 264 391 374
264 439 384 372
397 354 466 476
295 415 355 411
415 312 473 399
315 405 438 280
240 288 310 492
496 302 315 311
397 289 299 303
432 349 274 402
489 480 290 329
262 294 398 338
380 492 441 370
359 455 355 389
458 326 345 404
346 250 347 432
498 464 479 435
253 253 325 412
386 309 252 479
372 272 249 489
440 452 363 341
412 325 356 446
484 292 475 343
286 454 497 323
333 352 315 351
419 359 444 372
468 446 326 301
471 486 337 309
339 293 444 468
346 377 355 327
379 437 500 408
305 409 453 357
318 429 485 444
376 317 482 445
381 267 306 327
288 358 377 402
418 267 483 394
354 384 317 444
359 323 300 416
340 426 333 359
339 319 305 496
384 292 480 378
485 423 410 335
470 363 492 428
420 329 442 484
423 409 405 312
389 449 283 383
406 416 352 406
451 406 396 328
291 460 308 411
461 473 434 483
357 303 427 305
406 284 372 368
295 443 455 306
445 337 460 370
428 474 414 419
387 294 405 445
348 411 367 334
441 344 395 408
321 421 458 401
416 343 372 489
495 485 378 344
302 289 427 488
369 339 488 340
439 365 324 465
383 450 338 317
408 338 476 443
307 389 425 364
313 329 414 418
486 468 354 303
449 463 421 354
476 457 340 319
451 408 347 378
336 451 461 448
422 474 435 383
368 378 500 321
371 424 363 422
438 312 447 479
364 500 427 344
324 492 436 421
375 445 346 325
349 358 377 320
489 489 401 366
392 360 390 390
377 368 391 439
498 327 461 350
448 360 359 486
426 468 319 445
325 427 392 362
362 416 364 475
458 444 345 381
461 325 479 446
355 444 347 344
475 341 323 444
471 475 434 321
386 380 373 412
328 325 373 381
351 340 335 500
358 338 478 454
381 453 381 450
463 381 444 359
404 420 396 332
414 468 342 381
364 420 458 372
427 393 418 390
345 472 428 495
371 351 406 345
438 391 395 344
421 369 488 462
343 388 426 464
431 430 489 375
363 372 390 368
491 450 427 466
350 395 489 472
427 488 436 464
405 420 500 363
484 392 435 368
373 467 416 413
449 427 437 429
471 386 490 491
382 430 386 361
362 434 491 388
353 442 418 382
485 351 431 474
482 438 451 481
414 387 476 418
354 409 468 416
459 366 417 464
494 435 413 395
399 445 405 366
410 374 471 395
481 417 462 491
391 483 486 371
494 371 438 426
453 444 479 368
499 382 450 414
461 376 448 418
384 470 425 476
418 381 381 412
423 498 400 483
411 453 419 399
439 414 461 437
379 485 420 404
430 420 398 482
425 489 495 490
428 411 405 432
495 382 490 463
469 415 396 475
384 422 403 450
468 410 425 383
439 425 488 409
498 483 466 484
492 492 477 497
417 425 399 419
462 455 428 487
454 480 411 430
430 421 395 425
441 462 493 419
492 400 387 486
445 389 429 432
454 446 478 446
453 489 464 417
451 476 463 481
390 469 471 489
412 451 391 430
452 479 458 430
422 398 460 485
498 488 412 477
492 493 406 408
434 430 433 420
451 478 481 474
443 479 414 436
415 466 441 463
494 443 454 471
477 457 403 456
486 465 466 437
446 411 432 494
433 443 492 422
408 485 496 493
486 480 494 411
446 407 432 443
415 482 472 467
443 487 480 419
427 480 480 479
424 465 496 450
440 484 457 443
426 485 427 474
451 490 456 458
447 469 482 427
476 427 488 439
440 453 448 434
494 418 438 496
476 429 458 476
462 422 487 466
440 470 469 433
461 496 488 433
495 467 481 500
453 482 496 479
433 484 427 454
500 473 469 495
446 453 445 437
453 463 477 472
438 478 462 438
473 462 470 440
471 498 485 459
448 476 484 476
485 463 452 457
465 495 489 483
476 444 461 483
458 449 468 460
478 463 458 495
498 450 447 480
464 489 481 440
448 459 456 462
471 480 456 499
452 443 485 475
444 492 460 485
445 497 463 484
493 487 479 452
481 456 486 457
461 482 469 481
493 464 449 456
486 473 454 460
487 450 491 480
469 498 478 453
457 481 477 484
486 498 469 475
460 465 489 462
480 491 483 478
482 500 471 477
477 474 497 499
470 497 486 496
481 494 484 485
494 474 496 472
462 497 462 482
474 492 481 484
487 473 500 484
500 490 482 484
476 489 482 498
489 472 480 479
490 471 489 496
486 477 475 474
498 485 483 478
487 470 485 478
471 495 493 473
476 498 476 475
498 474 484 480
486 479 499 484
499 493 493 491
488 477 479 495
480 489 490 481
499 500 494 491
492 495 481 483
496 500 498 481
490 494 493 485
498 484 495 499
485 485 492 485
490 497 494 495
494 496 490 485
496 491 492 492
491 487 488 495
494 495 490 488
500 496 497 492
494 493 490 490
492 498 495 494
492 498 494 497
499 498 493 496
495 498 496 496
499 497 497 500
500 499 498 498
498 498 497 500
498 499 500 500
500 500 499 500
500 500 500 500
0 0 0 0
386 232 10 381
89 257 45 5
148 206 244 366
192 281 155 369
7 17 193 186
187 187 234 95
243 333 156 485
323 222 58 359
187 206 419 253
149 271 83 20
346 373 110 67
427 430 214 243
362 178 359 139
206 206 95 500
236 367 154 444
236 61 82 179
77 233 42 265
206 430 99 234
448 128 122 262
139 346 77 345
453 421 372 28
464 160 492 42
184 244 156 307
424 252 469 276
119 171 244 241
206 56 139 406
38 404 59 469
294 345 179 208
454 393 354 98
265 206 148 273
497 462 97 54
206 3 193 140
347 427 161 208
382 156 239 87
86 308 419 201
281 110 260 466
67 98 276 492
217 376 109 326
485 366 77 296
449 55 232 304
202 500 74 234
253 142 7 484
396 138 471 99
140 347 73 244
291 403 293 306
82 140 44 446
404 67 335 308
495 66 187 59
99 404 284 424
56 37 48 442
460 333 367 401
23 137 345 449
401 446 300 66
251 73 265 142
74 206 276 207
57 411 23 359
401 276 14 340
417 444 433 364
419 442 156 500
160 490 271 56
424 444 164 253
126 255 193 314
44 285 87 252
483 497 484 243
156 338 299 347
157 95 464 213
298 492 79 371
468 37 72 93
89 241 17 100
195 353 455 125
55 324 308 397
131 91 442 404
9 95 253 419
300 206 300 273
362 431 7 241
96 273 294 123
265 474 44 367
328 17 474 426
20 296 347 497
249 89 372 362
240 480 93 244
55 411 254 202
139 404 186 424
55 88 463 480
476 447 75 60
213 53 91 392
140 444 366 160
126 299 340 414
492 187 367 276
300 469 12 301
184 401 79 6
447 312 300 345
437 400 83 492
308 248 110 434
206 259 500 500
444 164 218 244
476 39 103 476
474 299 144 485
484 276 427 307
232 318 288 99
36 443 367 345
74 265 413 175
437 473 218 39
335 119 427 430
374 437 208 300
192 142 346 334
244 268 63 486
237 197 285 232
248 173 249 196
157 173 98 164
59 307 179 88
173 401 170 397
319 44 95 141
232 175 342 186
461 230 260 70
226 56 351 305
269 53 386 236
145 158 271 96
82 390 430 12
349 455 163 54
333 140 70 262
31 278 36 96
273 121 254 61
274 58 36 163
333 381 140 186
30 66 276 273
9 185 98 216
221 222 344 342
411 472 197 466
193 73 249 233
102 41 374 113
390 109 492 218
406 304 467 245
74 273 296 100
376 364 410 451
276 170 239 64
111 176 146 399
65 5 427 269
307 187 156 213
9 253 340 276
92 12 64 500
258 444 431 164
390 334 340 265
74 419 340 474
483 375 429 157
234 469 48 378
171 24 263 414
313 144 276 244
499 100 483 58
250 103 362 92
329 312 382 219
228 12 388 442
58 496 206 405
333 333 379 256
136 91 265 464
206 213 419 259
156 378 265 469
495 36 125 270
477 219 152 355
44 140 444 55
308 60 28 213
321 321 251 190
47 372 64 337
276 464 30 469
431 389 256 91
475 73 124 418
341 121 127 426
206 73 208 213
224 104 440 187
366 202 14 186
207 256 338 243
78 270 317 86
382 148 74 333
483 237 185 300
435 233 382 382
40 150 79 164
262 446 314 207
434 368 273 171
428 327 218 367
186 131 300 401
70 23 53 102
34 56 189 442
228 144 64 173
469 156 234 213
139 474 296 73
14 500 206 156
259 206 340 14
187 39 310 99
278 323 131 442
400 59 48 3
201 6 500 100
180 32 361 149
340 243 327 378
204 98 334 132
77 207 378 299
345 160 160 99
323 234 200 224
186 441 53 24
318 187 126 302
321 195 400 326
228 276 411 57
276 276 187 276
367 109 158 490
221 94 147 56
471 55 333 388
500 500 259 500
253 307 14 381
9 74 333 14
74 251 88 455
279 89 367 383
461 271 143 158
457 144 446 443
253 14 9 276
244 464 428 419
23 427 330 310
102 102 404 99
374 119 368 5
206 276 73 244
455 202 291 96
443 341 394 172
164 468 372 61
184 9 378 428
177 14 152 472
428 22 380 57
48 221 376 208
170 184 104 157
406 104 11 184
338 249 426 414
299 103 481 207
126 371 279 401
213 435 179 201
44 424 244 424
366 492 186 201
259 500 253 347
428 92 148 223
88 3 446 83
114 142 263 338
60 375 231 472
297 125 14 3
126 59 217 23
157 413 367 302
123 263 345 434
300 333 202 206
187 419 156 73
478 38 8 263
34 355 183 49
346 310 500 48
468 54 168 134
500 474 148 419
7 251 279 371
30 186 428 55
171 279 293 467
259 95 95 500
328 208 126 464
411 262 89 213
444 366 414 426
101 237 318 64
7 244 299 7
500 500 500 500
258 307 447 414
174 370 37 486
196 411 428 326
191 333 92 437
485 30 385 344
347 313 430 419
54 452 369 460
492 20 212 140
375 305 388 154
455 187 214 462
254 296 55 471
388 157 40 404
227 36 152 158
430 234 186 419
500 435 98 49
52 493 346 453
14 347 187 187
92 481 424 319
85 146 480 388
296 55 495 411
8 5 85 386
383 40 26 315
344 128 231 74
8 238 325 316
239 190 74 279
434 496 351 374
404 427 435 20
427 18 345 382
148 328 23 273
334 362 36 498
375 247 477 246
492 7 60 66
131 134 255 283
14 335 362 26
269 473 366 65
324 60 301 392
300 492 139 73
495 213 427 44
426 157 431 256
313 474 500 213
140 333 9 156
273 344 141 492
249 333 419 9
144 226 386 14
259 449 3 447
316 404 288 160
58 162 315 241
259 340 340 347
346 83 202 157
350 66 41 271
414 42 492 326
253 349 85 351
366 333 243 338
253 419 9 430
228 32 500 401
476 230 326 201
447 218 231 160
144 385 187 258
299 41 258 313
39 483 326 333
104 157 62 364
42 141 111 39
185 97 474 258
328 202 381 442
370 329 40 113
40 168 298 56
419 449 9 464
313 3 347 140
300 427 430 195
206 447 435 411
169 193 276 301
396 480 171 419
12 484 250 42
253 340 9 9
349 253 453 228
142 297 385 59
140 411 89 127
5 419 233 300
253 345 7 14
221 32 34 23
419 206 14 14
5 69 127 418
218 424 22 191
391 390 497 180
431 411 500 385
300 98 428 300
195 249 430 473
187 206 253 95
308 469 191 96
213 53 273 483
265 218 437 5
392 262 447 345
100 15 190 51
170 206 146 73
357 497 303 424
104 54 168 61
485 86 475 139
446 322 158 105
325 433 499 348
142 92 476 380
399 187 76 48
319 433 193 15
20 39 196 273
73 281 269 358
462 82 430 299
336 390 440 50
367 125 333 299
299 95 299 202
205 184 139 77
350 328 298 444
416 6 369 300
327 427 32 98
184 476 23 316
428 492 380 160
66 186 447 214
175 326 475 288
170 473 431 17
193 152 268 473
234 307 95 259
265 125 208 32
74 232 9 347
206 307 213 140
99 184 251 55
380 381 258 419
88 333 168 219
400 144 249 300
173 327 58 88
181 473 247 146
218 239 249 88
100 485 473 25
406 279 333 381
38 199 409 212
484 218 301 157
457 387 234 496
440 311 109 262
326 401 269 253
196 500 427 371
496 427 431 77
34 174 268 302
286 444 119 304
187 146 312 265
66 313 140 414
350 345 228 22
62 407 222 23
160 366 160 3
401 190 318 385
202 7 184 156
312 351 431 157
496 35 289 409
248 103 30 190
76 427 159 52
485 144 148 495
126 461 321 79
385 326 382 201
299 59 313 208
241 378 486 222
96 190 384 206
171 89 345 449
327 464 462 437
500 259 206 206
20 195 308 150
288 130 34 249
169 322 30 181
357 120 479 162
139 202 148 156
96 392 206 308
253 66 44 74
366 464 234 381
156 253 213 276
373 202 321 339
500 14 95 187
265 140 253 444
440 179 251 224
195 447 139 32
467 104 18 236
59 254 367 276
11 93 69 59
253 179 222 279
279 173 369 9
350 291 28 113
168 201 251 195
242 382 22 26
265 234 273 307
435 466 305 150
485 213 469 66
100 176 3 197
347 3 427 208
193 148 202 427
259 203 484 483
55 462 279 249
237 99 403 260
359 419 441 32
309 105 156 15
206 243 186 179
345 490 73 472
54 446 244 44
132 453 16 286
100 462 428 379
454 351 254 446
346 344 70 323
219 312 454 5
364 366 15 32
139 14 430 495
59 297 91 217
500 9 202 213
338 349 48 14
326 386 113 333
249 426 185 314
276 92 471 307
144 95 265 14
69 457 490 412
77 300 213 300
187 340 476 401
427 140 140 186
265 186 259 213
390 301 269 14
424 323 164 66
249 23 500 234
323 8 244 230
42 41 298 173
349 373 85 359
256 293 326 230
67 385 213 200
288 442 39 222
424 366 157 32
74 140 378 259
92 144 114 150
206 193 180 347
91 176 74 332
154 75 376 15
400 53 140 6
95 427 392 449
340 313 186 30
269 310 327 394
249 193 137 426
125 419 333 73
235 418 419 196
184 300 464 156
238 322 366 26
419 276 6 371
0 0 0 0
