100
65 22 86 30
7 96 39 23
7 65 99 11
78 37 30 46
64 44 0 89
6 64 28 32
98 63 99 46
42 5 87 61
8 24 12 18
56 23 43 21
82 87 80 38
33 60 7 25
77 66 28 49
50 57 8 80
26 57 13 70
36 89 66 38
1 48 89 4
41 36 45 27
17 31 21 49
68 16 98 77
88 15 2 28
49 70 48 52
2 16 86 41
96 11 47 23
50 22 79 98
7 64 54 61
99 37 100 44
49 10 96 69
65 78 21 5
29 13 68 90
45 62 89 87
77 83 69 99
94 4 62 51
34 69 35 6
100 34 11 62
83 95 25 82
88 76 90 15
70 63 16 100
7 38 30 53
86 59 50 75
40 96 8 1
30 72 36 78
40 50 88 51
80 55 13 82
22 69 1 59
38 94 89 38
58 18 3 35
35 68 2 100
43 65 90 76
86 65 9 44
57 53 56 50
58 58 47 57
46 14 47 16
8 11 26 96
16 23 44 94
45 79 40 0
24 27 86 5
38 55 69 75
98 25 31 36
93 27 37 80
1 40 45 16
27 43 65 51
52 89 33 95
54 72 35 40
29 73 25 3
13 42 89 9
100 49 2 56
65 52 0 97
3 17 65 41
21 88 61 56
25 13 1 16
33 6 42 48
12 39 36 61
57 11 61 36
62 64 28 58
1 65 95 31
15 33 22 1
19 69 0 31
60 78 78 17
53 50 98 18
81 31 33 21
99 35 44 7
79 41 37 11
81 17 10 38
75 36 16 26
98 48 32 57
26 47 68 72
81 100 8 0
85 16 33 59
10 99 31 97
24 68 49 62
38 53 39 10
5 23 82 26
94 31 63 7
74 16 100 67
54 98 8 31
0 22 40 87
80 77 35 47
13 52 14 50
0 56 55 27
34 75 13 97
74 83 10 72
57 43 39 41
39 19 40 90
43 91 85 93
7 57 57 57
72 70 91 44
12 29 4 100
53 2 86 2
45 83 74 13
94 72 52 7
6 49 32 49
66 45 46 0
78 76 3 82
56 88 34 49
92 41 56 84
91 66 96 43
4 78 31 56
16 60 47 83
6 5 77 70
25 86 37 7
24 53 3 0
33 61 3 72
69 87 98 35
33 4 98 28
69 93 34 84
76 51 78 19
30 73 78 71
27 60 36 26
72 55 34 85
85 73 96 93
37 21 14 39
74 43 98 54
85 37 11 63
92 84 88 87
63 83 33 24
5 67 18 4
77 3 69 60
15 9 0 77
50 70 18 25
86 97 70 68
74 31 76 4
12 12 80 65
92 35 94 9
39 64 32 17
38 73 8 5
27 34 88 64
22 32 63 12
68 79 31 87
67 49 70 28
73 69 65 100
87 95 10 58
78 59 99 11
56 80 100 51
85 97 83 40
22 34 8 20
59 3 52 100
11 88 11 43
25 28 88 16
24 18 68 73
45 65 13 5
5 97 33 33
94 52 46 61
1 54 57 12
2 100 3 76
48 12 63 38
46 89 16 12
82 68 48 8
44 12 85 70
18 9 4 12
31 91 85 13
71 76 12 15
19 52 20 28
54 50 47 42
16 34 96 41
51 48 47 16
22 54 57 30
9 49 2 17
80 54 33 4
39 30 41 25
55 35 52 15
86 91 24 60
66 58 67 100
15 96 63 11
94 10 54 16
37 72 11 72
59 34 54 91
2 96 73 84
66 97 100 92
92 45 55 26
97 84 83 13
15 99 42 15
93 69 32 90
16 43 47 86
30 32 44 33
93 75 14 44
3 68 73 54
49 43 36 19
2 39 49 37
56 21 7 48
