200
49 50 168 26
72 142 190 2
29 98 143 36
10 177 171 69
195 10 169 161
112 25 87 168
80 108 90 67
101 142 34 25
65 22 1 37
156 33 76 192
49 37 14 51
49 98 105 105
103 196 1 54
39 118 95 188
117 36 53 17
174 54 199 86
142 62 171 91
128 121 49 3
6 21 61 138
20 78 57 188
14 3 0 145
110 112 6 169
170 28 34 158
78 129 44 12
0 188 94 169
173 101 12 112
140 117 37 67
130 50 53 70
140 65 55 155
116 76 112 75
53 200 64 120
189 0 50 45
22 129 87 15
20 161 136 79
43 49 91 27
192 99 65 94
98 87 155 92
68 83 10 121
125 25 116 98
3 22 40 63
143 116 131 131
80 119 145 4
173 91 39 11
101 52 138 168
157 137 154 49
95 106 52 154
191 80 82 96
78 75 14 22
115 171 61 147
58 113 78 0
168 37 143 15
48 3 12 162
139 131 44 95
115 113 71 126
6 181 68 131
12 131 14 190
122 14 27 103
55 51 68 17
188 131 69 40
157 59 93 134
168 44 11 33
127 188 149 164
59 121 89 100
30 23 74 14
72 110 116 112
92 57 185 57
116 30 67 170
55 1 115 36
52 60 106 137
72 68 196 37
134 45 41 73
113 22 11 15
124 76 23 94
92 179 44 85
68 27 29 143
87 48 49 127
149 104 186 163
105 29 75 10
159 61 24 151
83 139 106 146
144 149 66 78
186 143 124 160
70 166 186 174
51 61 124 192
112 17 163 174
124 63 114 46
168 137 67 136
137 124 65 20
114 174 8 94
23 191 81 125
17 110 195 92
173 50 195 143
189 8 40 11
92 112 57 143
156 92 179 169
113 180 197 183
114 169 160 194
11 48 62 149
101 112 14 129
3 70 147 110
115 10 111 195
81 111 171 69
98 156 179 50
75 122 133 163
188 72 66 147
40 42 52 150
62 50 40 54
107 177 21 2
157 174 150 47
33 6 1 136
62 57 66 164
131 75 55 129
169 49 30 35
20 105 111 0
168 87 1 25
112 6 129 114
50 192 94 179
181 112 68 87
144 176 62 37
182 161 131 54
59 143 64 2
36 170 136 72
141 172 115 10
169 11 29 22
156 99 50 99
157 156 70 56
118 140 72 26
116 53 192 113
136 195 118 53
35 110 151 123
62 72 175 58
131 148 101 82
26 48 73 142
93 68 12 113
68 68 70 115
143 139 24 84
118 72 175 195
149 36 55 6
61 117 192 95
115 17 124 116
144 144 111 113
142 78 22 131
145 101 111 10
147 175 26 9
44 169 33 127
98 10 95 161
111 112 105 24
24 119 59 24
162 92 37 91
112 88 12 57
55 183 40 112
61 163 74 113
123 87 78 100
165 171 99 85
137 175 11 150
171 76 43 87
179 107 186 147
111 151 150 147
40 165 13 70
162 135 34 113
127 75 113 195
61 76 110 29
198 167 82 67
66 98 169 43
1 4 71 136
163 30 163 160
126 44 56 14
124 110 39 185
140 138 49 145
1 105 1 0
171 72 116 0
149 104 138 1
3 35 6 124
146 65 20 72
75 91 52 115
125 127 154 194
111 139 65 200
61 40 100 79
116 98 185 21
4 78 167 91
188 150 110 92
89 162 163 81
124 65 21 24
191 40 130 83
25 78 66 27
177 83 200 65
199 132 134 160
181 11 39 21
124 181 2 59
149 35 79 39
12 105 27 43
164 95 14 117
185 73 86 174
185 34 71 44
91 112 78 138
164 157 176 117
189 65 145 104
124 25 159 55
77 69 24 9
116 30 87 134
184 2 24 128
132 54 159 0
184 43 188 45
0 194 182 95
113 134 1 167
164 167 145 189
25 144 23 28
41 155 11 199
163 133 158 197
29 188 64 113
140 72 179 159
195 111 139 3
114 156 178 114
166 40 37 39
103 190 18 165
37 26 118 54
96 2 165 157
36 10 179 186
166 142 172 80
177 164 65 98
171 159 136 32
169 181 141 164
139 129 25 65
105 187 122 63
108 174 78 126
68 136 176 62
80 13 15 176
35 46 44 165
94 51 124 46
124 165 35 34
145 27 90 170
91 187 165 17
88 41 118 188
160 80 110 59
142 87 172 197
102 194 72 186
24 110 3 125
195 99 48 86
72 94 19 166
188 174 0 48
51 168 93 73
2 61 182 161
69 197 71 17
162 32 25 103
24 43 157 79
54 53 3 79
1 171 66 124
110 95 125 102
172 172 169 103
172 22 190 109
1 135 1 0
63 106 189 164
187 87 166 95
95 184 88 101
37 139 107 104
72 101 104 122
178 109 180 107
34 200 33 146
9 17 161 95
46 100 56 60
186 59 188 42
97 88 62 51
4 159 179 64
116 42 43 62
87 76 78 10
90 192 81 106
177 9 169 185
105 4 154 19
3 108 36 72
84 197 159 107
28 44 3 65
126 17 43 32
18 123 65 148
101 187 123 84
99 53 1 43
28 105 99 82
165 190 95 117
184 69 135 135
42 94 34 91
36 46 44 132
157 97 80 80
82 159 10 194
69 190 59 117
152 193 103 190
180 126 26 11
162 29 183 26
80 162 19 30
97 133 87 162
155 139 74 22
12 172 78 54
100 36 163 32
151 95 170 112
82 117 124 104
61 175 99 182
116 39 184 48
174 101 166 105
87 166 30 151
155 153 176 127
46 187 97 87
100 159 53 80
158 184 32 64
35 116 46 128
24 197 1 4
154 37 114 123
95 3 119 53
105 133 41 182
174 169 148 187
159 162 188 53
178 157 33 60
15 25 39 24
15 100 93 4
63 93 66 110
69 9 161 2
159 30 110 78
72 86 141 26
103 91 105 97
102 162 54 165
17 161 110 143
116 99 19 71
45 37 105 61
11 18 163 7
199 4 97 69
19 191 139 87
157 160 114 120
53 30 197 79
37 133 187 119
54 21 38 191
96 15 78 87
153 156 48 171
47 163 175 143
195 0 2 192
19 45 172 91
197 108 184 102
186 177 149 42
194 46 179 148
67 110 185 188
196 173 40 60
150 109 184 174
174 53 139 57
148 44 128 75
173 22 200 99
194 65 187 17
87 91 26 164
177 178 12 90
115 7 114 75
85 117 80 167
59 23 25 130
18 87 135 114
199 102 130 112
97 34 61 54
82 135 18 0
140 140 18 54
22 160 23 83
139 47 5 169
78 135 64 158
140 149 36 43
48 15 18 190
96 32 122 3
135 119 162 190
37 42 61 59
97 69 63 40
172 64 119 157
163 46 97 0
83 99 82 46
32 87 159 39
87 4 197 24
103 54 66 67
74 2 34 169
46 172 134 43
126 49 93 54
190 173 163 7
19 1 103 94
18 160 99 200
119 69 157 94
15 87 188 30
141 157 105 170
161 196 141 148
194 80 7 139
17 10 63 10
151 164 111 182
26 88 26 170
17 87 10 157
128 108 106 100
103 163 37 148
78 80 188 56
179 69 95 158
125 166 1 124
122 35 59 194
105 57 151 147
9 125 133 61
105 99 40 114
177 28 130 184
72 86 39 1
142 3 122 40
105 142 60 178
36 2 139 167
24 28 62 124
153 137 8 62
9 175 2 175
97 88 197 90
