100
0 57 46 65
18 83 20 69
33 73 37 100
57 40 53 93
74 23 84 48
21 35 58 96
97 76 78 66
39 80 69 23
86 51 78 9
78 62 7 79
38 19 24 59
60 77 29 55
29 50 19 2
95 99 44 44
92 12 25 52
48 68 72 45
34 71 44 52
82 49 95 94
34 4 41 23
25 66 40 56
97 91 31 15
32 99 43 29
45 77 68 49
21 39 91 78
43 54 3 82
92 8 5 96
26 12 10 13
77 77 18 68
94 39 13 100
50 21 91 69
92 92 27 87
97 72 17 4
41 31 55 85
19 43 8 87
10 30 81 77
9 55 15 27
90 25 14 65
59 81 40 78
54 45 21 1
82 70 56 21
61 20 17 61
1 6 78 32
36 100 16 90
82 94 54 35
85 28 69 86
12 1 82 61
42 48 40 67
79 12 11 73
47 65 67 82
46 22 44 62
85 68 53 29
91 4 58 8
7 17 42 61
38 31 59 80
95 50 79 28
27 87 47 80
70 68 95 55
99 75 62 59
13 57 44 19
48 48 48 43
82 49 52 13
4 35 50 8
61 34 75 16
40 62 6 45
47 64 95 45
29 1 22 49
39 39 51 34
52 41 11 10
44 60 45 29
58 24 85 78
34 9 19 68
24 38 76 2
77 57 66 63
47 100 0 63
89 0 42 28
61 99 7 0
92 10 5 11
79 86 92 74
4 40 99 39
47 15 99 5
62 24 86 20
79 32 20 48
56 23 13 44
18 45 1 79
77 38 41 51
44 82 77 36
79 35 35 37
65 3 96 48
99 94 76 39
70 69 82 34
7 95 41 45
31 88 83 48
12 2 57 54
20 15 59 60
13 57 20 73
18 69 60 50
7 28 95 71
85 11 24 62
39 47 1 77
37 63 33 9
0 83 63 45
19 81 91 2
83 95 65 21
51 2 32 15
33 67 11 7
25 25 18 15
57 52 42 87
18 23 17 66
38 20 95 91
3 30 66 46
18 85 1 57
53 80 93 100
84 45 90 62
64 96 95 61
44 56 42 39
70 41 59 91
7 7 7 82
62 13 37 53
94 62 25 58
10 41 19 14
52 47 83 49
27 53 76 80
94 17 85 12
89 51 75 36
99 39 5 42
77 64 88 45
80 84 1 25
79 52 39 93
59 42 41 10
39 74 20 25
56 35 69 59
51 3 56 67
84 100 0 24
1 43 91 72
99 99 28 55
7 15 98 85
93 83 14 87
93 83 94 32
91 10 50 57
45 73 8 7
97 80 60 91
9 32 41 38
97 30 70 8
60 3 70 46
84 54 37 85
80 78 23 67
18 48 14 23
61 67 93 94
9 35 38 78
92 76 91 96
32 82 46 55
17 25 12 69
14 68 38 17
95 10 43 85
57 30 30 26
89 14 71 89
3 95 27 80
2 69 68 28
25 9 56 81
50 37 56 85
28 55 84 78
57 72 14 7
52 1 62 89
82 49 73 62
50 71 34 89
63 86 94 10
85 25 15 13
99 52 64 44
37 66 57 6
27 75 10 38
51 4 94 44
92 98 71 3
31 87 26 100
66 97 60 23
22 0 34 6
89 27 50 0
16 23 62 51
84 68 27 5
99 46 5 8
49 85 97 1
59 15 65 12
58 100 36 77
16 15 37 69
34 7 95 90
59 6 23 19
72 27 82 12
25 83 96 24
37 27 94 94
62 13 44 93
80 80 81 51
57 19 99 33
50 6 37 4
12 66 32 47
62 53 49 30
62 16 61 97
12 1 86 13
92 60 35 68
41 9 76 47
35 40 48 7
26 24 31 2
