100
68 17 27 6
26 17 96 7
5 70 94 70
24 27 5 34
3 95 23 35
53 8 33 0
18 60 82 9
63 59 19 63
57 66 58 39
19 29 98 71
44 30 23 68
3 64 69 19
39 39 14 82
45 81 91 54
91 64 26 30
95 79 53 90
87 69 99 26
0 59 46 85
31 96 91 0
52 81 75 89
65 59 75 93
21 65 6 53
3 4 34 25
66 52 0 5
17 19 16 23
90 76 93 39
15 25 52 61
56 67 48 58
73 9 28 33
18 63 61 34
85 25 73 99
71 0 2 50
87 82 8 29
60 12 81 0
0 43 28 30
65 43 90 17
69 99 40 59
21 88 29 58
35 34 23 55
19 49 7 91
77 28 38 46
89 28 51 0
84 11 70 21
0 58 27 59
70 11 24 41
10 55 13 68
48 74 45 36
82 85 58 64
75 9 66 98
49 32 66 11
83 51 30 77
88 88 0 55
84 5 100 55
26 63 4 56
98 76 80 36
77 82 67 7
41 15 4 37
17 12 55 54
82 30 96 81
60 0 38 15
22 74 94 53
82 23 95 68
94 33 1 24
91 45 20 2
76 44 13 47
23 12 1 6
16 66 9 5
54 75 76 61
51 43 46 40
57 33 14 3
13 34 12 0
10 92 66 56
68 72 4 33
72 47 91 52
3 40 29 100
1 17 42 64
38 1 0 36
14 87 37 85
78 52 67 26
62 15 100 22
6 37 12 39
14 21 73 100
23 18 77 6
32 86 37 100
19 92 45 49
77 84 24 80
28 79 77 68
31 80 12 70
71 7 9 41
43 49 67 85
50 75 49 97
27 69 75 89
42 65 19 70
67 79 16 0
77 98 1 27
84 74 70 76
39 38 21 34
97 30 9 72
28 54 18 93
42 60 3 86
35 46 99 70
78 29 32 79
48 95 42 35
78 0 35 7
95 62 30 20
100 30 24 51
58 55 17 51
82 96 17 75
74 27 41 60
71 75 0 61
37 94 2 74
54 21 28 60
47 30 76 58
60 28 78 96
63 12 13 59
88 23 55 89
12 17 74 11
15 87 86 55
22 86 78 73
94 98 32 22
12 87 67 19
61 51 71 91
19 0 54 42
61 43 45 71
45 88 91 14
95 12 92 74
51 52 15 15
9 96 2 94
75 60 43 32
62 60 49 6
10 34 74 73
76 78 28 50
50 22 26 34
4 47 44 92
39 5 73 35
29 72 57 96
94 82 10 51
64 34 100 39
33 56 37 80
89 1 22 63
34 42 13 46
43 61 62 42
9 85 93 3
6 77 2 8
91 62 41 62
50 62 9 86
63 1 88 26
31 13 76 14
82 5 1 16
82 9 78 53
10 20 58 82
77 37 4 0
5 7 83 6
84 81 26 2
48 63 33 79
31 33 89 2
91 13 15 86
27 65 43 59
64 46 23 27
89 73 73 57
53 47 21 96
99 78 81 5
85 37 1 92
73 97 51 27
89 27 73 13
28 35 76 88
85 51 36 2
75 65 80 82
52 18 72 91
66 73 100 17
86 100 15 48
80 42 18 57
50 5 25 44
94 39 52 47
57 32 14 55
87 65 100 64
74 17 62 10
91 93 30 44
91 56 65 89
100 100 76 29
22 59 20 64
34 61 99 28
6 23 77 68
52 49 12 73
23 65 81 44
47 96 81 98
24 19 73 75
60 67 80 56
21 73 91 54
73 98 46 4
5 55 8 76
85 17 30 67
80 96 33 7
14 79 54 56
19 5 100 79
38 53 77 60
26 17 67 74
70 10 93 23
85 41 71 35
74 20 25 33
