500
332 423 13 108
90 195 458 207
37 157 418 473
134 184 260 385
306 283 192 182
300 118 218 59
208 495 48 271
396 89 336 63
32 422 412 302
240 206 460 24
22 272 137 177
379 325 328 468
452 101 27 29
309 407 275 463
296 462 33 319
462 336 212 85
178 218 250 497
49 297 83 432
372 41 343 336
314 462 217 173
103 450 335 368
422 331 188 493
262 293 318 471
339 331 308 340
304 399 342 221
343 27 178 59
305 61 294 320
106 371 433 324
301 161 103 182
252 153 131 454
135 153 413 288
303 135 72 365
164 423 495 38
235 331 140 282
456 422 171 446
158 236 426 410
155 382 227 366
298 473 144 149
60 265 127 245
109 49 178 418
147 253 484 218
369 417 197 249
384 81 180 287
327 271 202 355
171 67 459 335
295 252 225 196
328 86 81 181
86 370 332 61
167 259 220 80
112 252 264 218
430 123 162 449
182 194 480 188
404 272 209 128
300 142 145 414
197 393 306 153
170 106 318 330
398 432 218 121
284 363 498 411
500 199 146 251
100 167 291 484
74 169 438 343
409 483 379 218
307 480 371 408
324 439 129 179
416 340 336 233
320 363 248 229
307 260 244 491
470 245 392 433
399 259 331 316
157 111 352 276
380 320 319 466
173 221 353 350
91 288 475 329
293 299 342 438
418 497 184 282
186 140 270 330
168 113 343 372
89 477 245 291
491 280 110 373
499 290 302 213
175 370 168 168
274 235 330 265
393 198 423 156
489 103 215 331
473 352 242 481
216 358 435 354
295 378 419 170
342 243 402 151
132 374 198 268
100 293 125 261
157 299 382 119
306 486 363 298
187 373 417 487
154 380 229 157
274 257 382 326
366 104 173 148
465 147 453 150
453 261 268 301
287 346 190 350
413 336 294 432
348 119 300 480
405 171 312 468
128 422 484 159
211 457 174 196
333 160 179 332
238 262 429 339
290 317 235 409
127 221 449 408
339 434 310 360
405 137 324 202
298 233 415 247
211 338 332 181
379 203 373 275
124 201 156 426
465 408 191 350
289 202 486 485
396 281 295 464
214 281 302 437
122 337 376 252
272 129 135 472
424 478 357 391
202 443 278 171
234 258 391 160
206 400 154 165
269 485 197 498
156 237 158 389
439 209 295 258
369 196 157 200
435 246 273 168
410 161 354 446
258 299 168 283
138 454 199 191
334 359 290 436
349 256 249 437
447 276 215 473
183 291 275 432
315 286 154 222
366 393 302 247
229 300 430 458
315 299 251 495
280 236 476 426
281 418 170 257
343 392 289 422
168 210 364 418
408 323 399 410
499 388 191 454
426 171 369 360
441 314 351 395
430 306 207 176
337 392 453 155
466 339 499 496
439 267 199 388
164 235 394 260
335 303 289 291
359 353 467 450
453 205 292 344
206 488 494 387
205 230 358 276
224 349 179 265
392 337 447 386
396 172 358 275
209 429 223 485
446 350 388 301
199 313 317 420
446 485 440 355
328 260 260 300
253 195 315 197
498 399 288 452
438 219 469 279
360 444 308 412
354 448 250 471
429 201 314 408
245 473 490 276
488 222 329 495
183 250 262 342
422 304 449 313
495 186 260 221
363 254 381 409
394 281 374 458
241 304 270 443
257 491 231 330
411 475 316 286
239 396 458 215
412 386 229 327
472 215 466 265
261 435 331 419
453 494 414 494
327 192 273 412
202 296 430 261
394 480 489 245
198 205 421 396
395 477 463 290
450 239 451 418
286 219 203 236
276 278 263 399
421 454 442 246
281 387 474 229
254 356 416 365
380 365 298 426
318 237 449 318
319 346 444 335
365 362 431 335
227 391 492 368
464 467 255 206
210 384 365 373
367 362 211 483
371 477 392 209
230 301 289 343
486 294 379 407
420 413 459 386
461 420 367 358
454 260 440 394
499 306 225 377
430 463 354 382
373 470 308 430
379 348 451 447
299 325 458 232
334 394 441 388
440 424 343 237
294 258 359 493
297 410 446 276
364 318 347 336
364 437 237 226
442 303 297 315
285 311 361 447
311 254 413 284
491 434 481 475
277 477 340 362
277 308 499 369
427 255 342 323
406 459 352 414
436 360 352 251
432 340 383 345
431 355 346 432
477 340 239 434
458 239 473 242
334 425 252 333
464 435 255 445
252 304 442 492
338 458 453 316
269 283 486 367
469 246 406 409
473 260 446 448
265 431 400 425
417 247 469 448
368 253 328 324
317 385 416 290
328 359 252 259
454 303 374 290
257 471 476 325
434 442 327 432
337 388 475 276
493 471 326 408
313 491 433 475
369 343 278 310
399 413 304 343
455 286 494 360
344 457 295 477
496 287 496 348
339 363 270 405
275 422 322 428
482 404 495 496
417 495 401 441
420 442 377 453
483 414 446 305
292 309 433 394
299 272 473 410
314 385 351 368
397 365 418 395
461 371 312 375
481 429 376 316
321 452 466 425
374 466 375 428
319 461 433 431
309 418 407 313
312 290 386 387
383 314 417 451
458 409 444 324
318 486 459 437
368 335 455 389
477 460 414 415
348 361 314 446
415 356 474 481
345 311 439 431
474 306 461 413
468 411 340 415
338 391 372 422
306 340 376 315
377 404 389 403
418 449 451 367
393 497 488 307
314 421 424 358
498 469 423 407
384 414 453 432
483 494 443 368
370 348 450 346
371 499 333 303
377 378 385 414
332 424 467 437
345 318 477 433
445 491 484 488
479 431 365 396
320 340 346 358
345 330 457 496
428 472 453 426
444 440 449 381
398 451 391 487
318 337 309 457
386 435 494 496
354 368 392 442
408 426 465 474
483 415 466 420
459 406 483 475
365 327 435 396
384 429 356 365
363 493 412 494
333 329 343 386
362 369 418 391
415 367 414 423
324 323 329 451
386 354 338 357
406 390 330 460
352 344 361 452
379 366 418 336
339 405 415 384
443 417 382 388
403 362 360 380
342 389 431 465
425 499 422 458
488 457 387 336
372 350 449 399
405 338 489 407
439 458 353 383
492 434 352 459
408 358 492 372
370 458 474 494
381 408 492 382
404 399 459 381
388 344 481 433
356 356 494 360
353 491 371 393
439 408 443 358
447 381 455 487
444 347 481 397
434 408 410 487
411 395 404 417
494 446 408 468
446 399 457 398
409 484 436 407
360 391 384 456
361 478 390 451
460 472 461 379
444 431 411 447
488 453 366 377
461 458 482 383
368 433 462 387
419 479 490 431
401 496 406 424
485 363 431 381
462 456 499 500
469 467 447 471
429 410 422 416
466 379 415 453
402 368 453 456
444 396 492 471
487 439 450 427
493 373 459 437
488 486 498 382
466 457 416 470
466 373 493 373
413 400 446 450
461 456 408 383
468 474 409 422
428 418 469 419
425 444 414 500
495 419 483 378
444 441 449 425
484 485 435 453
399 466 393 471
446 411 480 426
472 398 459 487
420 427 449 497
490 498 483 467
461 387 458 447
458 398 429 418
477 406 440 466
478 500 470 406
430 403 493 422
392 500 480 393
434 436 484 428
411 437 416 404
465 433 435 498
414 440 469 474
428 488 405 402
417 472 496 420
446 438 412 427
456 428 415 399
466 433 491 459
470 490 447 467
469 454 465 422
462 447 437 436
418 489 489 451
471 494 404 450
463 458 432 415
431 449 428 433
452 485 458 417
422 433 482 457
419 483 490 455
485 483 482 486
414 422 424 423
454 423 485 417
417 465 429 470
458 497 461 480
459 464 467 495
459 478 464 467
420 424 456 455
453 446 463 492
500 483 480 468
450 499 455 424
475 461 480 437
458 476 461 483
447 491 486 428
484 433 456 451
478 453 455 449
437 486 469 471
451 458 451 450
470 467 469 497
453 437 447 490
473 443 494 460
494 459 449 442
497 456 492 433
445 455 475 494
463 458 468 478
464 487 463 437
492 481 463 492
456 489 460 455
478 449 448 488
449 445 498 499
464 440 445 478
467 499 449 459
495 474 452 449
474 482 480 477
452 480 487 500
455 477 448 471
491 492 476 492
481 462 461 499
458 451 458 461
485 500 494 472
469 484 455 464
452 485 486 469
467 471 468 459
480 488 498 500
497 475 467 487
479 469 487 455
486 477 483 458
495 473 462 492
462 478 472 471
482 476 486 499
476 497 494 477
473 489 467 496
485 496 469 488
489 470 469 493
485 491 488 478
472 489 499 469
482 499 476 485
482 493 477 470
494 482 471 499
481 482 476 481
499 472 473 495
488 480 480 486
484 480 489 475
486 482 481 496
495 489 491 489
498 492 499 488
488 479 496 500
483 498 500 499
492 489 485 493
487 495 493 500
486 495 491 499
492 486 491 490
485 483 499 498
496 489 493 500
493 486 487 500
488 485 497 491
496 497 489 486
496 490 499 499
494 489 496 499
499 492 496 497
498 495 492 490
500 491 494 495
500 500 496 497
500 496 498 494
500 494 498 499
499 496 500 495
499 496 498 496
499 500 497 500
498 498 500 498
499 499 500 499
500 500 500 500
0 0 0 0
428 231 440 112
264 415 99 493
6 314 417 83
454 171 362 420
294 398 155 261
435 103 83 462
198 275 195 492
403 423 161 249
450 318 11 452
279 396 42 288
400 172 440 418
324 170 88 413
329 87 383 468
413 353 361 205
441 264 306 500
52 287 150 342
167 264 38 341
215 158 108 213
172 407 350 169
115 244 170 404
463 434 316 232
343 428 190 491
195 27 213 241
173 476 481 423
235 499 223 302
44 299 377 438
88 85 94 391
265 140 334 60
454 90 276 351
70 464 279 278
469 248 48 492
62 430 326 296
105 382 375 258
92 45 224 165
334 245 407 444
465 375 93 42
355 131 44 405
454 346 457 372
63 125 173 148
181 457 323 253
213 368 448 147
164 81 368 382
198 169 375 318
316 153 58 292
114 177 371 233
160 329 394 338
188 213 261 358
438 139 83 369
231 252 450 256
412 146 71 376
212 207 307 427
66 202 457 272
403 174 150 360
434 450 495 162
96 172 262 145
462 302 357 86
319 198 386 82
397 204 260 456
139 432 281 196
433 166 116 377
230 286 352 385
379 238 257 66
324 88 153 110
347 474 280 190
241 79 255 84
259 338 88 339
380 89 441 310
79 306 243 75
110 482 475 485
390 275 396 412
154 388 358 475
336 282 147 381
414 419 81 81
211 468 405 240
84 257 341 367
372 348 335 401
182 292 113 207
151 274 382 334
189 378 219 227
188 238 297 112
423 376 404 474
273 212 281 192
187 453 283 144
418 500 110 403
440 299 238 345
391 215 102 318
429 361 168 398
152 131 339 154
170 150 391 233
466 268 241 139
399 429 476 412
217 343 346 329
138 354 356 298
243 350 346 316
220 203 494 498
358 363 366 274
172 229 122 455
261 487 105 317
330 124 445 209
398 386 401 128
454 448 379 372
137 418 495 454
387 236 234 218
255 186 153 120
148 403 191 492
373 376 330 381
113 206 242 470
136 444 199 281
332 306 184 182
312 467 356 211
179 165 414 354
351 209 395 139
188 178 428 486
393 496 499 430
170 441 155 155
237 153 149 241
195 354 498 261
363 146 276 367
294 156 385 332
266 229 146 136
205 300 326 287
316 430 216 424
146 333 442 378
182 495 492 498
129 145 159 284
293 258 165 195
282 377 368 321
335 403 185 365
187 177 403 445
177 204 440 376
221 387 450 143
266 249 475 355
206 204 316 199
189 159 316 376
490 330 242 285
398 187 446 384
450 484 356 251
259 392 364 226
174 460 193 305
433 310 430 198
226 416 300 431
336 361 495 206
370 235 189 324
476 161 268 356
294 331 156 211
369 472 379 375
406 297 320 165
483 460 467 469
493 293 398 197
361 338 163 344
417 273 421 267
193 224 156 403
473 373 453 371
308 446 480 373
337 338 354 157
372 395 201 353
385 381 177 292
415 364 331 309
462 279 473 385
449 172 290 369
293 225 460 221
452 438 237 164
282 169 452 321
284 438 273 276
381 440 354 320
358 210 209 440
351 280 389 404
217 260 500 374
337 373 227 454
408 268 463 332
398 293 364 393
221 324 178 362
253 191 414 245
189 379 220 371
255 275 228 303
414 331 350 396
331 394 498 245
413 370 275 248
365 307 423 238
487 301 422 254
434 425 237 373
280 337 257 291
212 456 438 319
463 282 422 299
246 443 494 462
278 444 495 383
376 363 448 296
256 248 282 335
291 401 349 466
402 231 479 432
296 411 224 313
348 230 318 328
373 243 434 394
316 390 215 477
371 207 261 300
397 391 480 418
433 334 267 270
448 416 240 392
433 342 496 307
220 297 488 367
428 315 351 254
238 417 394 251
460 317 473 389
302 423 410 470
206 441 423 350
460 239 395 222
465 231 469 221
313 497 249 462
347 383 246 284
479 239 392 231
326 498 233 369
413 430 449 383
446 363 379 383
274 389 365 323
449 410 478 405
266 440 473 363
416 441 428 319
461 256 353 427
499 226 437 277
275 325 470 289
467 307 500 474
463 325 261 343
393 462 326 258
401 247 297 341
382 254 493 445
237 492 308 390
419 486 379 272
317 412 312 410
418 490 348 352
247 470 302 268
294 273 274 402
371 397 265 457
484 421 274 475
378 248 285 490
439 370 488 367
424 469 461 436
384 309 335 311
300 389 305 375
269 475 447 429
441 355 280 396
332 350 485 269
313 421 255 270
245 263 327 478
323 277 261 437
407 305 301 451
298 379 378 402
361 489 258 431
438 398 355 271
478 339 343 383
468 341 264 290
318 275 418 452
287 297 458 375
472 310 354 499
297 386 317 315
391 474 331 493
401 374 276 371
487 269 267 340
292 417 350 262
406 317 383 389
264 346 448 393
420 325 304 379
380 288 369 297
392 266 320 439
312 398 379 411
417 363 373 270
270 436 412 442
354 456 388 434
454 388 422 408
406 473 363 438
312 354 310 372
392 295 328 384
314 429 287 378
363 322 450 466
484 281 474 365
341 438 341 349
424 496 346 380
374 432 310 329
432 356 341 402
290 393 410 319
401 420 425 396
340 479 489 309
367 489 495 293
496 487 413 391
299 430 405 476
414 422 480 289
411 407 444 420
295 359 484 385
310 486 485 335
347 389 449 437
326 335 433 443
352 414 398 408
319 397 403 403
392 417 470 410
321 356 460 306
332 387 405 431
446 437 471 343
490 347 421 373
497 470 468 479
434 341 388 469
357 438 452 381
494 316 405 437
342 390 366 413
385 347 455 407
407 363 450 422
320 410 363 397
464 460 407 464
434 397 480 332
485 479 389 397
323 423 402 457
317 447 480 462
413 441 387 468
357 460 442 334
385 471 449 401
438 343 364 409
456 487 496 480
397 483 355 484
479 430 376 492
399 387 402 416
384 331 407 491
425 458 324 455
360 391 351 335
340 339 413 457
381 447 376 485
374 448 386 446
408 399 470 403
352 343 434 443
426 463 450 378
413 491 430 330
396 348 330 428
438 426 453 497
414 382 486 491
428 344 369 413
334 478 357 500
447 374 367 339
362 376 482 488
412 368 436 439
384 472 351 418
482 372 372 435
343 452 481 370
363 380 464 411
360 439 418 410
482 441 423 375
497 389 491 393
404 403 380 425
423 441 425 496
436 461 460 470
373 473 451 495
484 352 478 425
480 415 494 376
484 469 371 364
458 364 474 356
492 429 468 498
419 491 492 400
402 474 422 402
492 434 404 385
472 387 489 399
453 440 376 421
394 425 385 428
454 477 415 393
362 455 393 447
495 372 499 455
422 386 372 414
441 398 460 442
404 454 458 385
476 375 400 432
389 488 383 443
441 413 404 376
379 483 420 414
391 384 412 420
408 443 488 427
451 426 449 478
494 378 419 435
447 443 380 377
401 467 444 376
466 392 495 381
461 430 402 413
447 462 418 434
482 477 415 387
410 485 485 424
418 408 390 414
459 395 418 390
499 487 432 453
396 393 422 440
470 496 405 487
468 451 433 417
499 473 493 406
412 415 404 433
435 416 436 450
473 451 418 427
429 462 477 394
449 455 491 464
398 425 475 416
483 426 465 412
481 450 429 400
489 402 411 483
488 425 440 429
403 476 437 480
427 446 490 472
484 452 450 408
408 447 472 486
407 485 490 417
470 455 455 494
422 446 464 472
425 480 415 419
412 456 485 454
459 496 474 483
461 470 415 465
500 434 441 457
438 456 478 429
487 456 419 436
443 465 447 413
416 430 430 498
454 486 447 459
491 499 420 428
420 480 444 421
449 500 430 443
473 482 450 477
473 426 433 433
441 440 449 424
461 484 452 430
460 444 452 423
444 488 443 500
470 477 461 439
467 435 500 430
453 434 467 479
482 478 453 460
441 484 456 484
496 454 468 457
470 449 437 485
473 479 473 494
453 493 493 464
482 465 488 489
484 478 481 452
450 448 459 461
465 438 457 480
453 473 438 469
489 457 444 455
454 447 467 459
443 456 487 492
464 485 470 479
453 449 461 463
454 472 494 478
453 485 460 454
465 460 479 445
499 474 472 487
496 467 488 497
496 459 465 469
476 493 497 475
498 462 453 470
454 477 466 473
464 475 460 495
457 458 487 491
481 469 493 461
477 479 469 483
486 499 485 463
472 469 480 479
497 484 495 468
498 463 483 497
472 473 496 492
467 490 498 470
468 472 481 497
488 471 471 464
471 484 487 466
498 498 472 495
475 472 472 469
481 468 468 474
473 486 489 477
486 494 478 471
491 471 488 489
475 484 490 487
495 484 489 489
473 485 491 482
493 500 481 494
493 480 497 483
493 489 489 489
477 486 500 482
478 496 490 495
500 499 496 491
494 496 489 498
500 490 487 486
483 498 489 492
500 487 485 489
495 486 490 490
495 489 500 498
486 490 494 496
496 495 495 488
497 496 488 495
491 496 496 496
494 496 495 490
493 493 497 493
495 495 495 500
496 493 494 497
496 494 496 499
495 497 496 496
497 497 498 497
497 497 499 498
500 499 498 500
499 499 500 500
500 500 500 500
0 0 0 0
