1000
762 521 878 238
488 878 52 679
32 899 945 825
856 813 952 496
488 464 706 377
56 477 387 171
655 454 421 655
284 391 166 445
790 346 929 894
212 141 586 617
413 703 143 975
217 274 557 877
751 705 510 659
201 245 387 701
999 616 218 791
442 679 994 126
908 965 394 960
21 506 962 640
94 711 268 831
515 688 206 22
811 64 952 487
252 825 775 200
527 297 142 951
717 621 872 482
381 583 789 970
331 834 591 496
296 171 955 787
240 777 652 855
464 181 387 518
834 237 460 609
248 693 310 374
137 230 553 585
963 161 486 866
759 991 723 198
590 796 61 812
553 550 855 317
92 626 332 392
151 63 281 929
996 753 260 530
308 173 708 741
825 730 668 565
500 807 791 633
502 410 412 164
892 631 180 227
677 213 952 175
740 548 877 264
634 178 903 719
545 357 321 74
813 406 239 865
422 419 574 659
557 145 53 272
391 713 422 193
929 186 833 985
593 359 422 103
872 605 137 990
878 446 560 442
670 77 215 977
897 388 607 597
855 127 77 460
275 455 783 587
612 180 129 117
689 83 838 481
572 594 880 265
330 830 466 86
256 768 471 509
335 404 140 631
138 959 746 758
945 964 728 632
368 586 859 223
353 186 120 644
373 276 675 238
465 297 343 929
880 417 435 784
270 423 289 550
324 140 264 423
726 371 563 181
336 514 865 78
926 608 325 875
626 487 780 644
681 624 543 633
566 689 586 983
508 994 88 232
253 346 300 355
691 965 139 804
974 216 567 856
893 971 341 503
938 257 413 380
992 914 455 415
444 584 580 664
366 141 114 172
508 367 862 535
921 694 219 681
236 161 858 413
523 117 933 989
717 913 955 981
510 225 210 962
707 167 190 469
497 515 627 820
584 791 581 439
594 619 257 914
886 165 595 165
233 683 380 319
724 488 788 141
411 599 216 676
797 291 628 507
143 705 290 901
692 927 585 452
125 702 914 503
495 150 824 796
433 942 134 115
200 816 682 778
810 959 117 906
957 534 571 633
687 534 819 443
439 401 197 165
855 235 410 162
491 281 178 622
734 289 140 821
979 293 936 215
231 204 421 436
568 330 438 208
336 171 199 610
643 727 836 310
191 668 743 413
662 867 821 591
897 207 575 826
892 914 413 605
909 887 385 830
232 341 589 220
598 742 929 318
306 808 151 210
244 325 459 293
985 908 206 961
243 502 386 902
189 999 745 455
829 346 692 953
641 249 427 897
485 143 668 779
225 305 584 885
169 550 673 776
537 775 329 154
449 951 609 715
690 532 178 192
328 825 827 237
323 486 694 826
542 246 960 642
809 694 568 359
801 756 760 370
433 353 620 342
229 971 339 399
374 554 911 786
495 356 818 383
263 672 989 358
892 287 672 802
591 827 333 599
480 734 493 729
602 543 732 853
729 709 335 930
923 606 435 166
375 603 782 544
662 614 833 484
983 828 547 776
871 418 395 461
389 229 561 415
670 760 468 628
306 182 275 250
516 265 783 492
193 568 645 364
845 657 227 291
963 202 692 466
603 382 191 205
503 225 618 371
299 571 290 302
606 255 329 753
459 277 958 795
203 665 437 592
450 732 816 538
427 635 606 460
481 480 397 546
772 603 672 923
985 940 642 729
410 602 307 370
835 269 723 735
445 423 589 340
875 246 613 439
947 544 344 718
464 704 637 943
515 208 832 904
862 275 951 645
432 656 820 596
505 494 192 382
482 527 394 892
205 268 784 363
938 526 666 633
847 802 803 421
298 539 972 436
997 446 617 752
495 926 879 445
469 654 837 341
779 647 722 440
701 372 967 415
658 515 625 542
750 720 656 711
962 333 408 326
735 938 601 402
272 867 795 989
398 299 245 932
731 922 934 728
611 598 614 286
784 813 390 813
889 456 820 766
937 921 576 429
216 813 304 711
293 902 855 604
565 898 251 528
820 696 770 513
372 258 638 239
222 954 865 332
341 749 608 993
390 982 250 977
905 644 230 231
378 599 618 991
732 784 281 296
252 718 805 503
818 730 632 963
227 568 504 318
648 925 370 822
974 987 428 397
251 450 662 458
293 555 803 772
550 432 608 486
279 629 473 923
545 235 362 596
381 273 975 742
544 343 715 647
993 738 589 328
256 933 680 370
703 988 759 651
337 770 500 952
972 868 873 815
853 644 749 587
706 529 814 730
993 967 933 827
943 292 713 914
348 453 744 651
883 255 267 654
523 528 733 783
454 680 918 523
563 747 589 966
914 402 359 959
536 481 458 347
944 398 824 810
701 822 949 339
973 674 579 893
299 401 281 669
962 483 526 257
959 455 985 832
610 588 817 546
282 395 366 650
284 945 577 374
759 782 873 650
597 780 412 418
710 284 579 489
840 978 627 397
880 454 607 382
649 877 757 697
648 309 440 674
309 609 401 908
395 651 339 980
520 904 647 825
964 609 567 701
502 949 702 507
795 713 964 294
976 891 809 709
917 939 614 792
687 780 305 357
738 377 824 961
721 444 506 978
868 471 295 678
752 309 660 544
341 869 981 972
529 685 573 301
895 749 322 757
880 335 735 304
904 922 691 383
343 855 983 359
314 615 943 349
623 519 676 762
291 846 361 679
447 577 591 717
931 693 796 753
845 401 599 937
985 627 937 797
488 562 983 992
435 727 443 518
856 628 559 401
732 468 832 346
632 696 751 938
323 802 391 876
760 758 596 844
661 738 988 937
805 926 864 700
728 488 880 999
372 886 327 324
609 605 884 863
537 984 522 412
883 528 693 779
750 341 507 486
990 521 375 621
666 379 990 799
887 970 748 752
455 777 641 891
991 481 995 508
491 870 589 513
813 996 612 706
926 622 346 416
851 739 468 486
933 394 867 851
635 825 835 904
738 679 914 659
944 725 820 345
952 986 661 910
508 413 530 471
956 939 868 884
409 735 573 841
472 939 839 654
690 788 995 689
982 540 960 727
900 771 335 543
807 476 726 768
564 753 809 935
707 916 528 657
470 609 517 755
529 918 388 524
390 724 935 810
388 848 392 739
985 339 612 338
993 630 720 389
880 611 966 826
963 699 377 911
718 560 431 874
594 773 447 948
900 623 942 596
929 709 453 613
804 879 780 507
929 563 511 368
736 553 402 676
721 897 730 501
676 928 792 651
523 382 649 417
388 705 519 698
829 629 599 535
697 449 500 423
778 380 786 922
447 618 879 701
529 737 982 365
435 743 443 481
506 977 940 881
417 402 867 577
848 581 683 457
410 634 916 806
526 367 859 928
865 725 976 780
929 445 703 795
428 424 423 760
632 730 950 963
999 848 470 777
520 991 694 405
385 459 942 575
611 631 805 993
378 475 745 930
716 635 474 477
853 380 824 557
847 688 954 884
480 746 645 583
507 488 781 536
419 632 893 507
629 442 571 820
477 701 845 846
702 389 618 903
478 932 591 522
894 823 434 674
853 384 533 990
809 453 857 727
935 781 703 982
438 536 440 536
995 429 537 842
498 660 807 396
842 802 751 681
656 702 679 566
663 753 964 973
846 751 713 870
503 671 565 553
586 817 964 526
875 527 648 774
573 611 678 531
596 513 861 956
415 449 542 942
798 819 913 605
920 679 873 839
658 926 606 432
962 477 862 945
610 497 968 860
739 949 979 937
424 480 914 920
884 893 814 734
899 736 960 468
472 766 777 618
791 445 643 545
815 734 496 930
718 921 507 879
526 602 785 931
773 519 647 925
994 825 661 997
434 523 937 531
537 510 670 994
558 502 672 568
469 899 786 725
925 468 655 462
757 623 612 693
474 661 670 700
441 638 551 780
867 709 569 886
702 952 515 840
457 696 818 753
639 802 570 506
844 667 999 879
732 877 485 471
509 438 900 485
808 855 680 774
437 883 568 570
986 925 717 941
835 849 986 516
724 527 686 859
705 910 534 988
877 976 727 855
447 933 796 923
706 908 985 744
582 607 448 625
655 720 864 972
783 779 847 849
637 575 748 762
544 448 797 546
680 901 510 475
664 910 729 843
806 825 964 719
898 503 859 535
705 940 980 578
957 808 827 715
813 462 534 508
991 761 653 680
506 499 502 989
744 894 576 994
765 680 925 914
801 921 642 659
458 740 892 608
831 824 971 590
889 791 950 828
758 601 881 577
979 602 614 536
742 794 996 557
841 606 518 721
557 760 717 886
617 467 806 521
660 768 930 565
664 590 683 820
687 535 765 704
789 848 519 636
590 490 642 901
946 532 737 842
807 809 496 615
721 859 944 930
995 534 552 563
750 546 797 597
866 521 648 628
486 618 869 829
539 493 757 648
583 709 585 623
876 870 926 709
935 658 549 605
658 895 592 853
666 927 920 687
576 661 926 763
707 696 516 563
655 604 867 751
928 737 542 628
512 643 624 894
893 836 543 785
584 885 739 561
761 510 891 798
780 849 845 630
656 952 767 871
716 753 957 649
827 829 923 923
626 509 756 698
763 800 883 977
869 520 925 783
635 821 914 697
872 965 843 840
507 621 896 505
895 920 990 723
661 977 825 607
856 551 645 517
877 897 526 653
710 726 523 998
814 870 963 636
988 935 782 801
686 709 629 910
921 846 941 533
593 649 586 954
573 870 947 935
972 643 557 928
521 833 898 731
714 689 676 778
811 580 948 837
519 556 933 808
830 814 526 624
792 796 856 865
992 537 735 716
983 768 945 906
844 768 922 978
609 915 745 543
937 525 760 793
678 644 713 949
691 810 941 689
936 967 882 990
750 956 639 862
614 886 758 854
685 809 779 740
594 553 701 908
688 904 572 842
811 634 809 967
674 540 834 848
819 833 691 793
785 566 911 621
685 733 732 658
727 866 911 548
794 772 691 997
778 967 620 893
587 904 661 944
883 933 993 745
657 954 831 660
997 613 622 779
715 666 703 640
856 936 908 965
710 841 997 740
907 989 615 969
736 998 803 599
593 907 988 703
815 624 596 594
687 769 828 790
663 707 837 827
810 874 751 972
932 669 690 954
826 916 659 752
648 786 678 589
699 884 682 744
971 571 772 890
870 752 712 724
702 703 716 594
848 828 795 662
642 695 742 663
799 869 652 878
704 955 920 993
883 944 838 844
984 634 997 622
645 876 885 677
882 780 846 862
580 843 937 906
830 678 680 813
863 701 880 861
645 744 596 636
703 831 859 785
754 817 831 730
959 928 644 955
678 936 638 688
865 998 914 948
971 993 720 717
886 746 641 618
603 635 793 852
829 862 854 873
666 649 898 937
785 595 673 715
809 893 829 720
646 674 847 931
833 745 911 897
655 646 930 962
718 664 777 939
958 673 917 642
626 757 796 846
810 786 734 926
629 688 849 728
931 625 668 711
630 619 690 901
598 951 879 844
722 864 879 659
784 946 738 897
995 728 888 952
629 689 648 775
661 929 705 861
644 969 698 880
613 653 970 785
679 814 962 610
633 653 928 855
753 904 868 640
704 774 971 839
750 874 766 698
774 991 660 714
872 636 615 992
831 658 904 930
835 734 947 706
851 669 970 829
970 737 748 707
757 846 879 744
940 808 991 841
931 737 936 978
632 969 731 936
985 845 881 712
632 733 766 834
807 928 858 797
813 667 744 842
739 633 718 853
642 630 758 920
931 872 729 767
717 901 651 738
640 729 653 811
834 682 825 726
634 736 886 793
792 929 730 912
962 970 905 890
751 659 795 873
726 665 941 986
765 645 641 697
704 930 929 973
656 841 972 974
700 859 929 658
719 907 992 903
799 715 994 883
953 951 837 797
951 823 687 994
757 843 952 945
653 945 924 974
781 667 677 833
730 696 758 919
656 858 899 671
977 707 871 742
746 880 989 918
974 913 698 822
707 864 943 948
913 880 676 824
878 783 676 717
761 931 888 858
977 654 709 918
744 958 708 963
668 880 944 782
823 841 780 701
824 861 712 769
732 693 883 705
678 768 825 903
686 949 900 863
799 775 811 747
895 827 914 804
705 698 736 829
952 832 884 720
810 941 963 984
739 689 673 856
991 894 743 878
770 755 851 796
765 900 915 964
805 948 817 958
883 744 898 766
720 729 766 972
679 971 890 762
958 804 763 863
783 943 918 929
916 731 965 874
854 694 954 798
967 816 922 698
876 897 796 896
690 998 983 763
917 840 877 942
729 963 880 858
703 753 937 818
950 951 794 917
926 692 733 890
819 940 892 836
827 885 746 949
748 698 993 965
703 872 955 926
949 903 935 991
735 724 949 717
984 790 782 819
912 822 822 715
898 989 948 917
865 994 833 983
800 837 844 954
801 744 945 863
929 838 976 785
854 905 908 955
937 755 899 715
975 752 944 826
909 746 961 949
835 769 867 823
890 751 795 983
855 750 984 853
924 828 918 875
957 911 835 842
948 714 913 899
866 907 911 753
759 855 899 950
835 793 815 762
872 899 871 796
909 788 742 738
856 731 959 970
734 970 827 926
913 866 933 921
953 875 845 760
885 976 804 822
732 931 959 745
974 1000 892 760
875 992 940 810
943 735 731 800
867 809 753 962
918 907 824 988
730 832 995 877
933 888 849 882
883 844 914 958
856 761 929 738
774 856 825 808
820 940 915 797
764 755 795 920
930 854 939 877
959 751 904 781
920 738 815 805
818 921 904 877
755 823 788 748
805 746 811 787
808 828 779 740
851 990 855 860
816 965 821 954
867 878 748 937
785 753 777 817
858 926 775 802
781 924 756 944
830 838 890 834
874 820 768 858
845 781 938 966
834 873 869 873
825 931 816 940
809 866 933 920
980 898 902 972
894 945 772 779
974 839 924 840
890 876 973 819
920 948 833 843
988 919 892 847
926 942 900 774
935 958 863 891
794 945 831 934
911 779 786 969
977 845 985 980
808 959 965 901
922 882 983 905
971 935 864 961
992 1000 936 866
969 896 784 862
910 825 839 854
969 814 954 771
831 824 784 803
817 771 893 1000
921 934 876 842
850 816 854 965
963 902 871 817
837 974 827 992
817 867 993 880
965 906 920 938
895 902 843 903
855 788 984 939
855 938 997 981
875 808 829 799
919 942 835 856
900 798 904 908
807 804 862 968
849 903 837 857
917 839 980 786
884 917 871 987
882 940 971 874
834 876 850 865
882 974 963 821
949 803 961 913
981 973 792 895
837 904 833 797
835 910 984 965
971 801 798 882
876 969 851 805
940 877 807 947
801 891 859 803
986 902 959 879
920 951 850 982
817 879 899 806
917 954 842 877
958 875 862 848
999 919 900 837
859 998 944 990
969 902 894 872
984 929 988 872
846 861 810 831
853 911 955 814
829 814 874 878
951 955 827 988
821 887 974 981
863 832 957 885
815 977 854 860
832 851 824 916
888 893 976 831
950 967 820 983
994 939 840 961
986 933 819 821
894 877 878 862
968 856 917 909
852 873 890 834
922 881 852 882
853 922 845 944
903 851 854 858
855 902 826 828
968 871 911 972
935 835 988 867
846 900 980 954
992 975 978 835
879 897 990 858
995 990 851 926
896 953 902 955
887 911 848 990
920 894 969 996
859 908 937 957
866 965 910 902
850 948 938 950
868 880 850 908
893 986 1000 842
994 996 934 907
971 960 984 952
932 940 885 913
925 985 924 995
939 931 905 908
974 974 986 889
948 940 922 968
908 892 960 857
905 899 971 918
889 956 944 953
980 886 963 941
858 941 880 961
979 898 938 869
914 994 933 919
895 972 893 963
926 894 975 882
900 891 866 904
961 999 947 949
877 916 1000 973
975 913 992 994
990 990 962 931
987 906 980 959
920 980 977 926
901 960 975 933
898 937 865 866
921 948 908 923
924 895 876 872
943 878 951 977
952 982 886 906
968 999 942 965
982 970 893 902
873 952 999 983
995 893 894 893
965 894 950 880
944 886 982 958
999 968 894 895
885 898 930 948
997 901 980 936
957 908 931 894
889 914 938 886
896 905 910 885
913 992 928 913
955 947 982 986
901 899 917 953
922 997 952 993
961 977 890 970
890 914 991 983
898 909 991 965
923 995 964 939
947 894 926 962
992 933 942 965
970 961 959 930
940 944 945 965
924 927 965 909
914 919 922 895
953 905 926 927
925 901 954 955
986 979 923 982
919 990 932 914
936 953 962 907
923 909 954 990
923 917 964 994
928 912 983 958
921 1000 995 969
959 993 922 976
959 911 949 932
999 953 988 908
958 989 988 966
975 935 967 991
964 914 949 947
913 913 914 987
927 912 956 931
990 979 963 944
948 951 925 955
955 924 990 925
997 933 999 993
984 959 972 953
945 984 967 940
976 961 982 939
934 955 998 933
929 935 976 996
951 968 931 991
941 965 949 963
983 973 926 925
961 931 981 965
960 999 945 944
930 961 953 958
974 971 930 964
951 963 982 962
983 979 947 945
955 988 949 987
996 993 968 979
954 962 998 989
978 989 944 968
956 980 989 986
941 983 942 966
985 957 958 957
996 970 948 955
983 958 958 951
942 992 964 1000
970 950 967 980
962 961 967 984
958 993 978 1000
970 987 957 991
953 987 960 972
955 958 996 996
969 999 952 974
949 965 948 969
998 958 987 978
967 985 966 982
972 963 979 974
970 974 963 963
958 991 961 983
962 976 988 965
956 990 956 974
980 965 989 995
979 967 963 959
964 985 973 971
980 984 990 992
993 971 964 984
987 1000 974 965
984 986 969 970
967 973 963 969
990 996 984 975
975 995 995 969
983 997 986 973
994 985 971 980
969 980 973 983
970 997 972 983
992 992 981 974
997 985 998 983
986 972 986 977
1000 995 979 982
986 976 988 998
990 978 993 1000
978 979 989 994
992 977 982 979
991 991 980 992
992 997 987 991
993 991 994 991
987 990 984 981
1000 982 991 988
984 987 999 992
991 994 986 995
989 992 985 990
994 996 999 993
994 987 994 992
999 990 991 996
996 990 990 991
993 1000 997 996
997 997 994 1000
992 998 993 995
995 994 999 995
999 998 999 996
995 999 998 1000
996 998 997 996
999 997 998 998
1000 998 998 999
999 999 999 999
1000 1000 1000 1000
0 0 0 0
234 802 723 184
972 968 845 457
826 688 474 23
141 503 602 379
623 44 408 778
84 853 713 551
98 820 231 719
619 114 748 865
915 561 894 470
374 81 853 796
983 365 814 594
810 537 252 559
120 389 975 55
117 398 558 299
29 393 888 107
433 611 956 738
459 561 236 712
993 928 877 472
859 117 371 824
482 390 237 973
627 489 305 491
829 904 411 358
46 500 623 382
313 579 528 446
915 83 136 187
350 617 763 414
369 392 272 578
351 747 305 488
155 899 923 446
641 920 674 875
483 751 42 757
251 52 837 785
531 62 374 882
214 399 758 422
594 551 831 814
95 640 475 156
218 122 178 363
590 710 521 870
937 471 290 422
757 353 797 611
138 746 274 878
671 382 672 381
536 931 62 259
853 113 428 752
666 207 313 329
571 715 390 658
240 935 628 244
976 304 558 401
413 297 616 843
554 179 159 334
915 843 351 817
245 217 525 781
696 241 714 313
130 306 357 73
327 234 950 795
909 285 871 682
527 824 545 261
126 472 793 370
867 255 816 298
340 654 889 114
240 930 659 227
689 128 454 350
553 969 973 544
709 293 515 647
637 260 488 195
627 896 467 127
224 991 962 578
318 975 896 883
87 680 297 884
223 810 992 370
853 391 447 828
653 844 797 900
164 294 511 974
890 194 264 422
95 379 384 488
195 345 765 621
112 992 121 209
308 906 787 850
769 913 905 173
426 878 241 535
697 513 823 335
965 756 386 306
491 628 214 953
227 186 965 127
891 424 767 144
337 813 101 239
551 753 156 860
468 935 511 225
934 902 625 372
173 155 959 332
642 341 949 365
257 230 492 918
841 859 194 842
317 98 891 134
275 823 431 153
234 159 742 896
569 811 899 177
406 923 312 985
520 796 635 484
626 590 585 633
252 160 248 833
889 892 830 516
953 745 535 557
150 263 399 720
715 912 271 350
268 312 672 742
856 703 477 695
342 783 768 757
325 636 402 619
927 606 740 369
369 560 926 811
263 991 131 616
193 988 409 726
234 374 831 795
741 487 598 781
262 910 807 659
691 614 613 773
127 885 337 766
205 960 223 466
197 204 568 641
968 406 905 918
700 200 224 549
950 731 987 877
865 826 951 576
630 309 370 695
450 513 220 411
506 212 711 198
571 967 563 913
714 554 283 545
308 778 973 772
281 328 757 695
691 828 311 143
813 296 509 375
224 475 658 664
668 544 834 563
282 553 835 251
570 253 442 525
211 421 760 673
223 342 835 162
792 703 934 335
260 940 204 754
186 557 222 292
808 958 921 335
292 727 646 382
358 605 434 560
297 872 544 645
693 905 452 956
326 353 176 342
486 806 215 381
692 975 914 265
717 906 604 587
318 783 260 838
704 631 476 215
843 836 755 820
171 273 661 791
481 247 261 705
161 536 469 602
258 182 545 999
166 397 308 804
846 376 173 609
793 247 242 660
840 298 991 788
685 376 566 689
584 437 536 539
632 968 218 284
615 611 975 846
518 973 392 299
424 372 187 944
422 195 869 584
453 234 697 542
271 988 400 871
936 456 872 324
458 500 600 489
273 719 241 502
780 858 604 422
488 453 304 748
314 599 296 830
624 609 255 325
833 893 683 526
649 610 563 726
946 550 892 913
392 667 669 672
238 343 874 978
733 877 349 772
488 492 809 968
192 775 855 615
328 241 772 766
430 431 879 249
517 692 514 856
291 293 629 669
927 550 259 528
886 779 470 196
401 721 313 413
453 458 658 338
914 439 614 589
831 650 473 576
813 427 736 783
975 257 372 913
621 699 713 433
253 524 423 933
798 387 554 254
580 808 889 335
484 407 877 419
721 223 970 461
770 592 920 975
867 403 982 827
949 949 369 675
987 838 551 332
806 969 536 677
838 432 860 923
321 995 227 859
976 844 566 804
426 313 715 531
559 548 768 709
217 569 809 974
863 705 680 319
928 648 403 665
595 593 570 287
341 571 682 947
338 323 730 414
315 298 263 555
704 466 702 289
424 631 477 763
859 761 316 820
793 688 383 243
623 399 735 857
716 537 955 684
452 359 460 818
940 413 748 305
910 964 490 739
873 635 251 380
648 870 349 730
387 740 377 529
604 379 491 759
312 322 954 797
628 469 438 559
881 346 595 917
338 338 533 787
723 289 529 409
452 970 640 654
840 255 504 853
310 702 455 804
313 455 983 394
486 383 828 322
326 439 594 697
439 819 591 626
962 906 601 885
904 912 487 777
776 882 453 446
494 788 429 501
714 613 403 967
794 925 564 757
490 435 402 388
439 773 826 779
379 275 331 263
684 405 283 952
259 794 422 569
437 337 884 962
763 900 715 335
574 394 993 902
373 384 309 321
807 545 690 706
687 593 862 402
556 435 312 972
456 520 532 294
576 999 859 645
868 881 655 697
287 690 824 303
963 573 599 651
514 528 901 488
782 628 691 804
382 695 455 513
298 616 853 502
939 716 450 741
306 961 966 293
547 914 386 845
981 853 596 931
684 350 355 641
514 542 562 853
828 564 943 590
302 715 812 364
294 551 564 306
897 688 489 356
397 858 785 309
428 756 547 947
596 836 598 615
713 662 419 463
614 876 870 799
382 948 650 860
772 368 418 703
575 390 473 874
348 388 299 739
579 300 563 359
907 299 696 973
969 308 743 315
501 374 700 543
318 923 582 870
900 650 611 999
693 333 604 982
363 700 690 786
785 338 867 965
672 463 417 326
496 516 329 905
857 676 349 781
600 570 745 487
765 631 517 542
954 899 837 345
702 440 740 618
581 994 960 658
634 977 788 471
972 663 514 791
968 618 924 402
843 340 983 559
483 443 777 538
410 715 882 820
931 355 884 426
668 859 397 865
459 689 772 741
901 571 891 982
825 896 426 699
533 892 458 761
779 425 856 705
581 846 650 737
965 802 641 698
407 544 809 818
476 404 770 472
819 755 799 470
722 638 669 696
440 956 396 720
520 647 813 867
340 461 760 399
858 421 545 692
634 367 963 746
523 769 337 592
987 829 777 975
935 839 783 603
874 990 876 902
754 820 360 980
399 397 910 750
589 960 500 664
470 950 548 707
550 603 388 879
851 597 489 707
796 692 923 434
741 632 607 407
713 740 564 522
693 545 928 923
874 763 755 604
626 417 990 470
750 880 847 603
480 612 927 366
669 860 361 452
769 372 452 680
898 862 792 550
825 492 518 686
901 863 646 726
804 803 885 751
873 966 549 627
379 859 403 724
733 584 546 544
597 950 946 835
497 458 443 963
647 705 486 986
891 913 655 948
720 799 540 860
968 806 947 968
612 921 663 373
967 441 434 864
758 687 515 953
430 717 832 814
756 400 704 432
528 931 855 424
835 675 475 728
602 977 509 827
489 779 657 499
789 409 746 852
997 505 930 411
909 496 726 457
920 916 847 473
794 500 983 401
733 509 839 406
397 949 578 776
512 775 419 799
505 868 693 611
878 699 626 503
607 521 548 704
995 636 844 991
700 530 610 804
528 684 493 459
974 830 929 832
593 984 593 569
815 687 594 678
509 565 976 706
885 512 736 588
810 399 762 800
602 459 906 462
568 784 683 481
562 630 981 904
436 790 951 493
666 599 406 700
887 873 977 786
960 871 407 911
966 885 685 662
983 774 1000 966
883 778 636 883
700 971 628 511
640 793 458 608
763 525 683 876
726 509 907 980
911 600 833 617
705 580 825 659
770 835 906 806
481 485 658 852
480 846 981 994
451 774 444 469
517 897 671 855
642 844 871 502
818 730 597 839
679 445 976 659
460 806 992 664
590 483 602 618
527 596 658 925
628 464 715 890
659 923 645 810
512 672 730 478
883 488 530 880
849 927 614 992
673 781 995 910
647 668 867 743
846 499 672 807
540 859 906 503
617 880 810 911
519 491 489 899
801 885 777 619
638 525 551 570
471 748 806 915
491 513 890 627
877 593 840 572
819 776 912 643
814 515 471 665
617 938 524 955
487 584 837 860
798 794 721 737
669 538 829 766
946 465 762 814
542 649 837 683
810 471 973 826
704 966 811 769
466 996 478 688
978 572 661 742
660 561 590 881
809 572 539 731
670 888 563 614
541 641 641 761
544 968 475 976
827 866 585 621
786 961 952 828
720 844 766 977
668 722 858 562
987 994 657 989
496 769 564 567
796 810 624 993
926 552 487 685
622 517 529 563
552 629 716 697
934 720 493 681
905 881 656 779
707 546 924 930
763 778 835 523
913 743 797 970
996 610 656 490
908 482 617 503
1000 490 704 906
570 770 923 811
877 723 578 912
553 660 707 996
993 978 653 952
980 522 747 602
539 996 504 978
987 582 780 986
591 549 893 717
655 751 878 597
555 919 492 794
655 673 920 968
504 839 908 684
900 592 647 541
902 549 502 929
726 924 664 657
753 890 780 745
850 839 775 638
889 778 519 620
503 654 536 508
821 882 561 515
878 743 932 722
608 805 669 989
690 520 819 897
772 892 619 957
961 967 570 886
701 506 607 794
920 840 537 839
845 540 991 508
681 847 646 638
559 934 704 855
546 591 640 603
586 992 514 699
553 650 945 762
992 737 928 831
791 662 654 677
733 950 659 579
597 713 978 963
970 693 625 537
943 583 918 996
554 728 967 929
969 977 897 893
935 838 662 582
995 988 620 579
559 553 696 968
868 893 748 782
939 578 716 649
880 573 863 566
704 947 653 845
779 867 883 663
916 613 729 707
843 915 986 745
930 622 615 914
823 748 720 832
529 679 813 660
631 893 838 554
916 780 774 618
627 960 903 611
566 593 577 649
575 717 835 831
746 851 969 883
757 636 908 741
583 659 745 633
728 848 811 912
822 598 777 841
946 801 748 602
868 575 906 778
842 843 706 872
816 566 870 773
893 718 905 952
991 902 826 821
701 851 726 738
799 962 976 994
996 819 585 828
726 843 829 954
883 938 979 849
832 733 946 551
573 842 579 879
815 902 967 868
672 847 979 680
965 953 887 758
755 744 852 563
988 611 700 669
974 722 747 810
611 620 677 618
726 968 940 720
639 979 827 562
956 626 715 967
608 751 695 855
604 919 820 694
967 979 595 708
739 694 904 919
585 711 929 686
839 851 633 823
726 820 811 978
995 968 851 777
688 585 973 597
673 834 734 863
661 940 664 635
688 764 864 843
693 848 858 696
895 581 675 648
697 691 612 589
854 946 667 716
596 865 860 748
731 886 960 996
931 927 980 644
818 704 596 966
677 964 774 965
647 680 963 607
639 759 650 734
694 970 777 602
590 701 811 746
919 972 757 695
647 805 966 806
968 625 985 718
899 755 999 793
825 814 765 906
684 730 705 664
997 962 886 698
653 739 595 931
943 889 645 623
693 781 1000 746
782 665 605 716
938 730 833 631
732 992 634 660
621 964 760 808
827 906 700 851
755 788 634 861
605 802 955 627
698 780 633 625
617 853 669 956
997 666 941 746
799 628 953 983
887 649 917 795
687 853 773 799
989 786 778 954
862 744 622 779
705 672 687 672
817 939 813 890
874 964 770 856
750 992 756 946
619 735 950 786
948 666 896 762
732 851 948 629
738 789 742 754
798 864 668 837
703 635 756 951
922 802 673 834
689 661 792 647
635 882 879 879
792 875 850 767
795 903 986 743
816 758 679 926
920 891 652 728
750 946 874 733
911 804 912 642
766 686 895 873
748 724 996 911
827 964 669 819
964 771 862 950
680 672 729 913
751 712 756 788
972 801 907 892
889 985 805 891
702 839 970 702
791 868 695 991
858 759 741 977
692 661 912 780
947 761 757 705
780 729 664 680
680 650 839 662
674 665 974 719
992 725 931 808
718 983 932 766
991 880 989 765
858 677 667 735
943 700 708 912
799 914 995 916
996 965 915 900
692 935 952 877
770 961 830 778
810 744 705 781
855 663 716 688
835 680 676 678
745 966 768 665
824 674 692 749
888 745 832 976
893 909 891 958
835 881 904 934
759 984 680 682
665 881 834 794
899 812 694 788
954 863 755 703
727 975 861 716
884 820 673 769
815 967 817 862
924 675 708 733
818 988 886 707
896 878 936 916
927 947 786 787
749 899 954 930
836 980 746 753
730 861 945 763
682 701 747 758
749 772 904 817
960 684 919 947
736 768 965 693
807 844 891 811
816 732 914 805
733 791 899 887
988 784 885 877
973 920 823 737
717 723 694 957
999 790 762 776
993 823 776 806
767 854 737 879
938 875 748 744
816 737 791 790
781 710 783 803
927 732 983 721
751 978 820 932
832 831 872 874
750 928 790 753
794 778 717 953
735 992 847 958
763 841 779 903
839 990 777 936
862 841 921 856
760 962 895 778
791 740 881 783
738 745 852 950
772 878 829 903
798 833 830 913
712 741 960 770
872 894 913 935
862 987 726 815
723 896 893 929
882 844 763 883
788 716 967 942
889 848 808 940
789 821 812 798
901 918 980 790
877 887 926 916
861 848 741 779
982 785 909 856
975 963 787 769
864 976 876 840
823 971 953 901
872 802 743 969
875 981 953 912
891 927 832 907
979 917 748 933
813 905 824 994
838 832 918 809
814 820 767 931
973 730 849 803
853 766 975 957
866 751 817 892
949 945 738 807
937 838 853 861
790 760 961 759
772 887 989 914
769 948 934 817
787 850 824 920
899 813 928 829
972 982 797 818
926 803 759 852
962 826 953 819
890 819 776 808
873 813 892 926
820 975 872 897
789 886 755 749
932 769 843 779
748 809 794 956
942 755 898 882
814 763 946 965
995 961 851 768
865 808 936 887
878 871 814 843
819 825 950 924
824 936 799 946
873 870 798 841
863 908 873 943
884 895 972 805
868 944 863 839
927 903 981 781
835 862 907 883
949 900 937 859
878 792 779 803
958 907 773 913
860 915 778 953
848 910 812 953
984 908 999 797
972 821 806 781
861 885 977 849
840 775 993 894
944 800 928 999
958 807 853 809
839 904 784 922
858 885 888 952
930 829 963 826
887 945 792 899
955 862 915 958
915 982 831 869
873 779 971 859
862 896 993 917
793 831 876 873
862 915 899 903
924 993 789 888
940 928 953 977
815 895 889 907
922 928 809 847
907 950 799 873
949 885 812 884
869 862 851 888
844 842 799 996
882 846 870 818
948 930 856 843
879 836 818 970
929 832 832 979
839 836 842 935
961 885 850 942
931 802 913 892
980 859 925 942
932 937 804 819
806 900 849 937
983 893 904 891
870 879 926 893
853 820 923 807
945 835 895 897
857 928 902 821
894 909 824 923
990 933 934 889
878 862 968 999
847 811 911 937
916 957 908 999
838 880 814 868
894 929 842 971
834 847 828 913
977 843 994 951
925 868 916 937
915 900 929 927
998 920 861 954
950 919 905 979
990 998 863 875
958 959 952 982
894 850 899 853
845 976 989 833
966 902 898 896
915 992 906 882
827 988 983 853
912 993 993 869
828 877 910 936
877 917 876 891
874 832 957 991
934 956 964 833
864 902 850 936
993 860 863 913
973 920 883 955
948 937 925 931
880 862 992 941
893 945 943 953
977 863 904 986
932 838 844 908
983 929 958 915
857 857 957 884
873 907 985 887
894 941 985 951
997 951 976 975
926 919 862 844
861 998 949 847
858 896 935 876
959 859 895 906
892 900 955 860
992 911 869 946
970 969 974 932
905 942 962 896
872 884 981 998
931 932 993 938
941 857 923 975
874 892 873 971
969 991 895 969
964 867 949 961
990 944 924 884
874 929 942 932
924 902 863 866
863 971 939 868
933 956 946 917
899 965 924 1000
958 906 890 996
918 896 897 937
870 975 929 887
933 934 920 946
891 912 973 955
946 966 989 953
933 954 874 926
954 876 956 918
899 952 992 932
953 917 967 877
985 997 956 906
1000 877 890 983
883 922 938 960
974 880 978 959
903 880 935 952
937 894 937 951
929 986 970 905
898 996 921 943
986 904 883 885
886 1000 896 985
994 904 974 982
962 892 958 891
939 922 974 939
912 931 905 970
948 896 983 907
990 954 934 971
950 915 890 914
955 915 992 896
954 987 995 988
929 937 942 961
949 927 971 920
974 986 951 909
963 973 912 970
949 916 963 959
983 979 997 947
975 970 998 927
936 903 951 923
984 923 963 959
959 924 961 971
918 938 982 948
955 906 928 904
980 984 1000 999
948 912 919 997
997 965 932 916
914 916 988 986
955 964 991 922
938 953 946 990
957 936 997 964
940 912 955 999
951 919 932 973
947 976 958 951
922 999 964 931
1000 981 995 925
940 985 978 930
934 950 962 948
955 970 984 953
930 932 987 932
941 995 941 957
970 997 954 972
932 965 959 979
937 955 964 936
992 951 972 999
991 948 957 967
978 996 1000 997
947 942 994 977
985 980 983 984
940 949 993 968
966 959 931 971
956 958 997 969
965 971 985 984
938 948 946 987
973 964 951 994
962 979 972 972
993 965 976 937
989 987 947 965
1000 941 940 939
944 942 970 974
948 951 967 994
993 966 950 966
951 974 977 982
947 953 953 952
958 994 974 946
964 952 984 950
948 973 986 952
972 979 1000 998
978 994 964 989
991 977 966 970
998 956 963 996
993 975 965 955
991 993 974 979
965 960 974 982
968 975 980 971
967 969 962 962
985 971 999 1000
998 988 960 976
996 997 965 980
979 989 994 967
969 973 997 999
983 983 999 969
990 971 985 984
983 979 969 967
998 966 983 995
989 968 975 971
999 996 968 992
998 981 995 991
989 969 998 974
991 989 983 990
1000 999 977 986
980 985 981 993
991 976 984 994
985 997 979 987
985 978 998 977
983 980 981 999
989 999 995 978
990 978 985 986
985 994 982 996
986 980 984 995
998 985 996 989
990 995 982 997
992 995 998 999
987 991 997 992
987 988 987 999
997 990 997 989
996 1000 988 1000
997 998 994 994
996 994 999 990
999 993 991 1000
991 998 995 991
999 997 994 998
995 994 994 998
998 994 1000 997
995 1000 996 997
999 998 998 998
999 998 1000 997
999 1000 1000 998
1000 1000 1000 1000
1000 1000 1000 1000
0 0 0 0
