200
69 184 137 134
69 112 50 152
153 102 21 19
33 99 169 23
25 135 100 151
5 89 30 113
39 137 132 108
139 97 164 77
179 77 172 188
99 103 100 69
44 91 97 172
150 147 150 119
7 85 29 65
153 187 79 180
46 185 51 107
54 44 5 113
170 152 85 146
90 192 75 54
9 181 20 2
188 61 15 39
21 44 0 144
72 15 9 134
12 113 104 135
191 157 115 142
150 117 25 118
39 114 78 198
178 158 121 156
74 171 39 31
38 81 109 89
56 13 109 118
182 42 59 127
184 12 85 192
143 27 39 162
181 52 72 95
139 162 181 59
22 9 67 134
151 60 1 15
150 15 149 194
177 44 2 91
72 145 52 1
69 189 100 92
111 127 74 183
107 142 172 92
92 179 114 91
177 97 5 75
194 136 99 142
186 64 15 57
145 18 51 191
181 115 172 150
136 52 87 115
9 122 44 54
44 145 114 137
7 117 91 150
141 155 176 21
138 198 9 147
108 108 142 49
0 84 88 50
118 53 85 184
7 152 153 117
24 114 196 54
41 26 54 169
132 10 138 9
24 60 155 100
104 152 170 127
65 136 36 177
7 186 172 139
55 157 72 142
123 71 166 1
72 145 80 79
133 8 103 188
49 92 195 0
159 181 117 21
139 143 39 166
37 2 19 157
194 148 100 2
98 170 187 45
145 48 177 52
21 77 99 167
111 49 182 43
9 148 80 15
142 137 79 109
21 117 20 179
176 79 127 92
72 184 51 123
2 38 103 117
195 3 72 61
55 50 148 55
44 115 142 90
193 55 25 135
20 81 100 55
24 185 49 34
151 147 189 25
87 90 144 142
123 13 90 104
137 2 114 26
27 124 105 168
122 59 192 6
134 56 183 149
102 189 169 25
142 136 147 109
137 84 40 95
172 15 52 88
179 195 76 48
192 98 50 149
75 52 0 64
64 50 86 31
61 50 134 151
15 92 176 142
46 20 141 39
131 136 111 166
150 144 95 167
123 185 112 91
70 134 127 99
99 114 25 194
3 46 138 177
125 194 199 195
123 118 61 22
77 102 117 26
152 142 134 150
14 79 126 105
90 197 59 180
87 153 148 155
95 102 91 126
67 132 182 9
134 104 200 100
88 21 111 36
174 48 1 14
118 157 78 46
114 5 195 52
148 3 98 122
142 108 123 79
52 138 21 136
61 134 34 189
151 34 195 21
65 27 12 118
153 65 91 49
185 191 118 109
24 3 152 167
137 69 2 34
182 119 25 44
18 79 145 15
139 188 9 118
174 67 149 74
18 119 43 140
15 159 172 195
169 46 131 9
75 78 26 72
134 151 153 141
82 95 155 70
24 192 147 87
122 144 49 78
51 34 191 40
51 150 25 77
118 120 33 87
95 176 15 15
165 82 16 84
126 152 36 111
1 68 1 182
150 78 153 99
14 16 174 42
141 30 104 55
160 10 57 59
30 186 180 193
25 185 46 54
172 106 41 28
61 39 174 48
140 167 77 90
38 124 4 106
26 54 36 26
77 27 94 156
79 119 0 198
148 151 172 136
99 76 16 76
58 124 130 5
152 168 4 118
198 159 40 191
49 9 142 179
11 13 117 61
75 191 145 72
82 97 72 165
181 78 44 55
185 18 88 48
151 15 97 130
192 188 100 55
117 192 167 115
75 93 83 123
7 78 166 179
147 118 87 54
2 114 126 22
89 34 41 192
80 152 150 112
191 69 150 133
35 120 11 124
65 44 75 21
157 80 102 181
110 18 144 33
109 95 142 51
112 71 197 3
101 48 117 170
164 14 20 140
42 166 123 29
173 53 19 69
178 121 76 141
117 19 4 2
38 71 153 33
117 46 38 99
141 194 11 122
27 8 173 125
188 154 66 76
55 144 81 15
85 6 79 91
170 39 32 118
99 143 88 143
118 191 31 19
11 144 20 194
73 186 29 117
42 61 172 198
194 159 108 186
107 2 21 110
170 86 174 182
17 69 182 149
149 45 167 170
56 14 136 199
10 74 98 59
184 186 79 198
57 180 116 130
10 16 4 174
58 142 17 77
171 142 91 80
5 88 9 74
7 91 143 15
36 21 85 116
157 121 122 185
82 6 64 194
87 73 14 22
190 2 197 182
110 170 102 29
20 117 4 173
39 46 174 168
151 34 85 85
115 50 75 154
122 11 54 153
76 58 148 47
161 131 192 24
89 163 99 186
80 173 99 8
109 29 59 99
148 145 33 41
123 176 64 151
5 153 140 196
137 89 96 91
75 23 19 21
79 85 95 81
170 147 54 85
19 77 8 108
116 123 120 134
9 102 103 132
41 168 4 119
9 15 1 5
107 23 125 113
118 146 140 110
134 134 186 106
73 92 112 2
122 11 95 1
185 157 88 176
147 105 72 86
34 153 59 198
2 159 46 45
116 146 46 82
0 176 81 131
56 46 162 7
29 62 111 103
20 142 194 64
126 59 132 111
174 135 121 79
4 119 172 171
194 42 117 138
56 145 79 179
147 171 79 163
80 174 0 187
174 108 186 125
133 177 129 105
139 47 113 119
56 19 135 117
45 55 20 184
197 38 147 40
173 180 60 65
182 174 76 47
199 174 141 80
18 164 40 172
159 54 53 39
191 154 112 44
153 16 0 82
166 139 14 77
174 11 146 123
49 15 19 87
1 124 1 10
56 73 38 19
53 61 149 4
45 32 128 116
128 148 113 168
168 159 122 186
157 151 40 109
125 129 98 33
38 53 80 12
39 108 79 117
151 53 135 140
105 45 114 178
138 150 31 36
122 85 170 29
171 85 121 66
26 99 149 83
77 72 131 103
18 105 73 8
179 130 39 98
178 174 118 135
18 77 190 197
42 133 131 73
199 180 139 2
95 114 80 163
86 98 77 43
6 39 19 80
55 194 2 100
107 177 162 1
32 158 172 168
117 187 151 8
179 57 116 162
144 153 11 85
100 151 186 20
30 156 70 98
163 95 197 108
175 118 12 159
107 55 133 135
85 198 34 186
18 55 106 142
191 158 100 58
29 113 200 172
21 29 142 61
117 190 117 16
81 80 126 37
89 147 172 118
39 95 122 151
72 87 71 3
125 77 141 182
141 169 67 107
99 146 4 89
29 171 38 128
62 23 100 2
69 182 37 69
179 121 189 173
123 118 146 69
167 163 126 162
126 106 10 25
102 120 10 170
152 144 187 26
99 31 172 42
80 19 32 7
186 123 153 100
140 73 37 126
2 50 26 197
113 73 87 59
21 116 9 15
38 199 135 106
18 146 155 182
120 156 114 170
77 36 172 168
186 134 107 153
114 82 170 190
197 125 187 186
7 173 79 36
86 187 106 46
186 163 190 100
11 15 178 95
198 7 146 135
171 164 1 85
122 166 20 107
106 198 91 0
106 170 186 7
123 42 118 142
52 97 104 65
180 154 196 92
128 40 34 80
146 76 91 95
21 131 29 171
79 44 17 193
179 36 170 2
144 16 25 27
2 84 14 166
4 55 45 182
141 46 69 122
117 85 103 89
91 105 122 21
132 93 116 24
54 73 117 133
145 161 85 70
141 95 0 161
168 131 147 168
171 190 61 4
199 163 37 178
189 5 32 27
