500
38 38 1 1
317 317 2 2
450 450 3 3
143 143 4 4
427 427 5 5
235 235 6 6
196 196 7 7
140 140 8 8
91 91 9 9
185 185 10 10
148 148 11 11
16 16 12 12
256 256 13 13
159 159 14 14
70 70 15 15
204 204 16 16
267 267 17 17
500 500 18 18
187 187 19 19
411 411 20 20
296 296 21 21
494 494 22 22
45 45 23 23
459 459 24 24
325 325 25 25
290 290 26 26
116 116 27 27
237 237 28 28
414 414 29 29
338 338 30 30
358 358 31 31
132 132 32 32
3 3 33 33
246 246 34 34
329 329 35 35
107 107 36 36
268 268 37 37
440 440 38 38
133 133 39 39
461 461 40 40
318 318 41 41
78 78 42 42
17 17 43 43
228 228 44 44
491 491 45 45
202 202 46 46
120 120 47 47
197 197 48 48
105 105 49 49
490 490 50 50
478 478 51 51
405 405 52 52
198 198 53 53
299 299 54 54
443 443 55 55
240 240 56 56
422 422 57 57
241 241 58 58
101 101 59 59
137 137 60 60
139 139 61 61
375 375 62 62
54 54 63 63
27 27 64 64
293 293 65 65
390 390 66 66
24 24 67 67
104 104 68 68
13 13 69 69
451 451 70 70
485 485 71 71
84 84 72 72
435 435 73 73
424 424 74 74
7 7 75 75
79 79 76 76
270 270 77 77
152 152 78 78
39 39 79 79
398 398 80 80
303 303 81 81
90 90 82 82
495 495 83 83
471 471 84 84
60 60 85 85
496 496 86 86
356 356 87 87
354 354 88 88
115 115 89 89
158 158 90 90
305 305 91 91
165 165 92 92
157 157 93 93
2 2 94 94
59 59 95 95
310 310 96 96
330 330 97 97
259 259 98 98
5 5 99 99
350 350 100 100
272 272 101 101
366 366 102 102
426 426 103 103
314 314 104 104
214 214 105 105
300 300 106 106
80 80 107 107
379 379 108 108
85 85 109 109
15 15 110 110
334 334 111 111
95 95 112 112
470 470 113 113
42 42 114 114
212 212 115 115
106 106 116 116
351 351 117 117
193 193 118 118
269 269 119 119
66 66 120 120
213 213 121 121
281 281 122 122
166 166 123 123
393 393 124 124
147 147 125 125
444 444 126 126
357 357 127 127
200 200 128 128
75 75 129 129
231 231 130 130
499 499 131 131
236 236 132 132
232 232 133 133
333 333 134 134
370 370 135 135
302 302 136 136
429 429 137 137
297 297 138 138
150 150 139 139
51 51 140 140
453 453 141 141
92 92 142 142
465 465 143 143
462 462 144 144
8 8 145 145
445 445 146 146
41 41 147 147
191 191 148 148
265 265 149 149
111 111 150 150
62 62 151 151
400 400 152 152
277 277 153 153
29 29 154 154
179 179 155 155
227 227 156 156
218 218 157 157
369 369 158 158
324 324 159 159
88 88 160 160
408 408 161 161
210 210 162 162
195 195 163 163
489 489 164 164
89 89 165 165
399 399 166 166
46 46 167 167
156 156 168 168
381 381 169 169
380 380 170 170
211 211 171 171
173 173 172 172
207 207 173 173
242 242 174 174
464 464 175 175
239 239 176 176
309 309 177 177
44 44 178 178
145 145 179 179
247 247 180 180
321 321 181 181
455 455 182 182
410 410 183 183
391 391 184 184
155 155 185 185
253 253 186 186
110 110 187 187
418 418 188 188
416 416 189 189
127 127 190 190
282 282 191 191
486 486 192 192
71 71 193 193
245 245 194 194
339 339 195 195
392 392 196 196
206 206 197 197
286 286 198 198
340 340 199 199
409 409 200 200
261 261 201 201
389 389 202 202
279 279 203 203
469 469 204 204
35 35 205 205
183 183 206 206
428 428 207 207
123 123 208 208
190 190 209 209
124 124 210 210
388 388 211 211
306 306 212 212
292 292 213 213
43 43 214 214
68 68 215 215
311 311 216 216
93 93 217 217
56 56 218 218
112 112 219 219
421 421 220 220
128 128 221 221
468 468 222 222
225 225 223 223
312 312 224 224
301 301 225 225
447 447 226 226
98 98 227 227
484 484 228 228
23 23 229 229
223 223 230 230
337 337 231 231
164 164 232 232
11 11 233 233
34 34 234 234
136 136 235 235
355 355 236 236
72 72 237 237
359 359 238 238
189 189 239 239
362 362 240 240
199 199 241 241
216 216 242 242
287 287 243 243
372 372 244 244
171 171 245 245
260 260 246 246
476 476 247 247
348 348 248 248
342 342 249 249
480 480 250 250
174 174 251 251
244 244 252 252
266 266 253 253
477 477 254 254
21 21 255 255
48 48 256 256
430 430 257 257
33 33 258 258
118 118 259 259
192 192 260 260
162 162 261 261
407 407 262 262
360 360 263 263
452 452 264 264
176 176 265 265
483 483 266 266
125 125 267 267
180 180 268 268
96 96 269 269
201 201 270 270
456 456 271 271
273 273 272 272
396 396 273 273
336 336 274 274
403 403 275 275
383 383 276 276
382 382 277 277
238 238 278 278
433 433 279 279
114 114 280 280
102 102 281 281
160 160 282 282
319 319 283 283
18 18 284 284
119 119 285 285
291 291 286 286
458 458 287 287
322 322 288 288
487 487 289 289
121 121 290 290
151 151 291 291
9 9 292 292
271 271 293 293
40 40 294 294
205 205 295 295
466 466 296 296
420 420 297 297
255 255 298 298
423 423 299 299
413 413 300 300
497 497 301 301
36 36 302 302
86 86 303 303
26 26 304 304
113 113 305 305
161 161 306 306
63 63 307 307
446 446 308 308
73 73 309 309
167 167 310 310
353 353 311 311
208 208 312 312
384 384 313 313
262 262 314 314
122 122 315 315
194 194 316 316
249 249 317 317
222 222 318 318
215 215 319 319
448 448 320 320
100 100 321 321
482 482 322 322
376 376 323 323
131 131 324 324
335 335 325 325
28 28 326 326
61 61 327 327
243 243 328 328
365 365 329 329
288 288 330 330
449 449 331 331
117 117 332 332
55 55 333 333
217 217 334 334
278 278 335 335
341 341 336 336
135 135 337 337
298 298 338 338
65 65 339 339
387 387 340 340
203 203 341 341
412 412 342 342
64 64 343 343
74 74 344 344
395 395 345 345
168 168 346 346
264 264 347 347
149 149 348 348
441 441 349 349
328 328 350 350
153 153 351 351
285 285 352 352
22 22 353 353
492 492 354 354
129 129 355 355
460 460 356 356
394 394 357 357
343 343 358 358
230 230 359 359
475 475 360 360
52 52 361 361
76 76 362 362
432 432 363 363
108 108 364 364
226 226 365 365
103 103 366 366
58 58 367 367
94 94 368 368
401 401 369 369
154 154 370 370
349 349 371 371
233 233 372 372
224 224 373 373
177 177 374 374
83 83 375 375
493 493 376 376
371 371 377 377
82 82 378 378
386 386 379 379
283 283 380 380
498 498 381 381
346 346 382 382
146 146 383 383
320 320 384 384
323 323 385 385
385 385 386 386
25 25 387 387
234 234 388 388
431 431 389 389
397 397 390 390
434 434 391 391
141 141 392 392
361 361 393 393
481 481 394 394
220 220 395 395
436 436 396 396
442 442 397 397
439 439 398 398
332 332 399 399
209 209 400 400
363 363 401 401
378 378 402 402
221 221 403 403
14 14 404 404
87 87 405 405
126 126 406 406
57 57 407 407
374 374 408 408
308 308 409 409
10 10 410 410
402 402 411 411
109 109 412 412
307 307 413 413
295 295 414 414
188 188 415 415
316 316 416 416
181 181 417 417
30 30 418 418
184 184 419 419
144 144 420 420
463 463 421 421
251 251 422 422
49 49 423 423
250 250 424 424
313 313 425 425
417 417 426 426
77 77 427 427
186 186 428 428
327 327 429 429
280 280 430 430
404 404 431 431
97 97 432 432
472 472 433 433
352 352 434 434
331 331 435 435
315 315 436 436
457 457 437 437
67 67 438 438
437 437 439 439
368 368 440 440
20 20 441 441
163 163 442 442
53 53 443 443
138 138 444 444
130 130 445 445
467 467 446 446
406 406 447 447
169 169 448 448
19 19 449 449
419 419 450 450
254 254 451 451
304 304 452 452
99 99 453 453
344 344 454 454
37 37 455 455
170 170 456 456
474 474 457 457
172 172 458 458
178 178 459 459
257 257 460 460
229 229 461 461
142 142 462 462
50 50 463 463
425 425 464 464
134 134 465 465
289 289 466 466
175 175 467 467
284 284 468 468
4 4 469 469
454 454 470 470
364 364 471 471
32 32 472 472
373 373 473 473
258 258 474 474
294 294 475 475
473 473 476 476
69 69 477 477
367 367 478 478
276 276 479 479
6 6 480 480
377 377 481 481
488 488 482 482
345 345 483 483
347 347 484 484
252 252 485 485
263 263 486 486
12 12 487 487
182 182 488 488
479 479 489 489
415 415 490 490
31 31 491 491
219 219 492 492
274 274 493 493
81 81 494 494
275 275 495 495
326 326 496 496
438 438 497 497
248 248 498 498
47 47 499 499
500 500 500 500
402 402 1 1
63 63 2 2
89 89 3 3
137 137 4 4
203 203 5 5
222 222 6 6
102 102 7 7
184 184 8 8
426 426 9 9
397 397 10 10
68 68 11 11
389 389 12 12
463 463 13 13
220 220 14 14
176 176 15 15
4 4 16 16
221 221 17 17
231 231 18 18
498 498 19 19
42 42 20 20
191 191 21 21
353 353 22 22
152 152 23 23
229 229 24 24
81 81 25 25
101 101 26 26
94 94 27 27
331 331 28 28
16 16 29 29
489 489 30 30
30 30 31 31
288 288 32 32
400 400 33 33
211 211 34 34
301 301 35 35
20 20 36 36
40 40 37 37
439 439 38 38
219 219 39 39
206 206 40 40
453 453 41 41
299 299 42 42
298 298 43 43
447 447 44 44
197 197 45 45
275 275 46 46
179 179 47 47
161 161 48 48
484 484 49 49
230 230 50 50
54 54 51 51
217 217 52 52
295 295 53 53
356 356 54 54
339 339 55 55
385 385 56 56
261 261 57 57
107 107 58 58
129 129 59 59
67 67 60 60
265 265 61 61
18 18 62 62
475 475 63 63
228 228 64 64
241 241 65 65
90 90 66 66
398 398 67 67
352 352 68 68
476 476 69 69
47 47 70 70
357 357 71 71
272 272 72 72
306 306 73 73
210 210 74 74
473 473 75 75
430 430 76 76
371 371 77 77
391 391 78 78
251 251 79 79
419 419 80 80
278 278 81 81
474 474 82 82
450 450 83 83
287 287 84 84
177 177 85 85
5 5 86 86
171 171 87 87
483 483 88 88
305 305 89 89
255 255 90 90
284 284 91 91
314 314 92 92
446 446 93 93
300 300 94 94
280 280 95 95
481 481 96 96
100 100 97 97
500 500 98 98
6 6 99 99
417 417 100 100
45 45 101 101
464 464 102 102
189 189 103 103
119 119 104 104
379 379 105 105
328 328 106 106
167 167 107 107
312 312 108 108
213 213 109 109
196 196 110 110
214 214 111 111
271 271 112 112
88 88 113 113
33 33 114 114
38 38 115 115
283 283 116 116
187 187 117 117
244 244 118 118
193 193 119 119
185 185 120 120
327 327 121 121
74 74 122 122
112 112 123 123
313 313 124 124
316 316 125 125
233 233 126 126
27 27 127 127
115 115 128 128
104 104 129 129
458 458 130 130
409 409 131 131
367 367 132 132
165 165 133 133
183 183 134 134
442 442 135 135
209 209 136 136
181 181 137 137
44 44 138 138
136 136 139 139
216 216 140 140
192 192 141 141
491 491 142 142
123 123 143 143
416 416 144 144
180 180 145 145
103 103 146 146
114 114 147 147
420 420 148 148
13 13 149 149
277 277 150 150
35 35 151 151
370 370 152 152
478 478 153 153
73 73 154 154
168 168 155 155
71 71 156 156
493 493 157 157
144 144 158 158
195 195 159 159
8 8 160 160
218 218 161 161
138 138 162 162
291 291 163 163
466 466 164 164
130 130 165 165
467 467 166 166
279 279 167 167
21 21 168 168
76 76 169 169
315 315 170 170
404 404 171 171
321 321 172 172
159 159 173 173
51 51 174 174
3 3 175 175
29 29 176 176
72 72 177 177
460 460 178 178
495 495 179 179
457 457 180 180
260 260 181 181
445 445 182 182
320 320 183 183
257 257 184 184
227 227 185 185
259 259 186 186
472 472 187 187
75 75 188 188
31 31 189 189
194 194 190 190
225 225 191 191
349 349 192 192
274 274 193 193
208 208 194 194
28 28 195 195
97 97 196 196
407 407 197 197
477 477 198 198
150 150 199 199
468 468 200 200
234 234 201 201
380 380 202 202
422 422 203 203
139 139 204 204
342 342 205 205
470 470 206 206
55 55 207 207
133 133 208 208
454 454 209 209
311 311 210 210
252 252 211 211
117 117 212 212
336 336 213 213
449 449 214 214
319 319 215 215
304 304 216 216
441 441 217 217
24 24 218 218
249 249 219 219
157 157 220 220
149 149 221 221
141 141 222 222
237 237 223 223
365 365 224 224
37 37 225 225
135 135 226 226
487 487 227 227
17 17 228 228
23 23 229 229
325 325 230 230
455 455 231 231
333 333 232 232
238 238 233 233
479 479 234 234
286 286 235 235
382 382 236 236
127 127 237 237
381 381 238 238
384 384 239 239
359 359 240 240
48 48 241 241
146 146 242 242
207 207 243 243
436 436 244 244
427 427 245 245
368 368 246 246
494 494 247 247
337 337 248 248
80 80 249 249
302 302 250 250
57 57 251 251
186 186 252 252
332 332 253 253
266 266 254 254
205 205 255 255
240 240 256 256
169 169 257 257
212 212 258 258
69 69 259 259
122 122 260 260
309 309 261 261
79 79 262 262
310 310 263 263
182 182 264 264
366 366 265 265
270 270 266 266
132 132 267 267
289 289 268 268
153 153 269 269
362 362 270 270
41 41 271 271
448 448 272 272
248 248 273 273
326 326 274 274
91 91 275 275
10 10 276 276
403 403 277 277
111 111 278 278
247 247 279 279
392 392 280 280
324 324 281 281
53 53 282 282
395 395 283 283
64 64 284 284
201 201 285 285
173 173 286 286
142 142 287 287
344 344 288 288
2 2 289 289
15 15 290 290
322 322 291 291
440 440 292 292
438 438 293 293
424 424 294 294
178 178 295 295
83 83 296 296
61 61 297 297
375 375 298 298
415 415 299 299
461 461 300 300
134 134 301 301
126 126 302 302
226 226 303 303
405 405 304 304
147 147 305 305
421 421 306 306
486 486 307 307
269 269 308 308
425 425 309 309
273 273 310 310
160 160 311 311
488 488 312 312
108 108 313 313
345 345 314 314
411 411 315 315
338 338 316 316
56 56 317 317
124 124 318 318
435 435 319 319
46 46 320 320
268 268 321 321
437 437 322 322
49 49 323 323
162 162 324 324
131 131 325 325
200 200 326 326
118 118 327 327
148 148 328 328
106 106 329 329
188 188 330 330
423 423 331 331
303 303 332 332
43 43 333 333
12 12 334 334
99 99 335 335
307 307 336 336
297 297 337 337
163 163 338 338
296 296 339 339
95 95 340 340
7 7 341 341
164 164 342 342
109 109 343 343
360 360 344 344
223 223 345 345
232 232 346 346
317 317 347 347
281 281 348 348
452 452 349 349
172 172 350 350
490 490 351 351
443 443 352 352
66 66 353 353
378 378 354 354
39 39 355 355
25 25 356 356
294 294 357 357
65 65 358 358
318 318 359 359
52 52 360 360
406 406 361 361
413 413 362 362
401 401 363 363
105 105 364 364
58 58 365 365
418 418 366 366
387 387 367 367
26 26 368 368
128 128 369 369
190 190 370 370
82 82 371 371
116 116 372 372
465 465 373 373
363 363 374 374
408 408 375 375
451 451 376 376
350 350 377 377
414 414 378 378
158 158 379 379
388 388 380 380
19 19 381 381
70 70 382 382
341 341 383 383
215 215 384 384
340 340 385 385
60 60 386 386
34 34 387 387
394 394 388 388
399 399 389 389
433 433 390 390
59 59 391 391
84 84 392 392
347 347 393 393
308 308 394 394
50 50 395 395
120 120 396 396
242 242 397 397
245 245 398 398
459 459 399 399
386 386 400 400
239 239 401 401
170 170 402 402
471 471 403 403
263 263 404 404
145 145 405 405
434 434 406 406
110 110 407 407
11 11 408 408
293 293 409 409
285 285 410 410
243 243 411 411
334 334 412 412
480 480 413 413
282 282 414 414
372 372 415 415
497 497 416 416
373 373 417 417
174 174 418 418
329 329 419 419
346 346 420 420
330 330 421 421
155 155 422 422
166 166 423 423
22 22 424 424
253 253 425 425
264 264 426 426
267 267 427 427
78 78 428 428
412 412 429 429
351 351 430 430
98 98 431 431
376 376 432 432
256 256 433 433
343 343 434 434
335 335 435 435
140 140 436 436
204 204 437 437
202 202 438 438
364 364 439 439
323 323 440 440
93 93 441 441
236 236 442 442
444 444 443 443
14 14 444 444
428 428 445 445
469 469 446 446
496 496 447 447
431 431 448 448
355 355 449 449
113 113 450 450
290 290 451 451
121 121 452 452
250 250 453 453
36 36 454 454
292 292 455 455
224 224 456 456
92 92 457 457
32 32 458 458
258 258 459 459
429 429 460 460
86 86 461 461
154 154 462 462
358 358 463 463
9 9 464 464
348 348 465 465
462 462 466 466
390 390 467 467
456 456 468 468
432 432 469 469
143 143 470 470
87 87 471 471
77 77 472 472
482 482 473 473
96 96 474 474
354 354 475 475
62 62 476 476
377 377 477 477
85 85 478 478
156 156 479 479
276 276 480 480
383 383 481 481
492 492 482 482
393 393 483 483
369 369 484 484
175 175 485 485
198 198 486 486
199 199 487 487
254 254 488 488
499 499 489 489
410 410 490 490
396 396 491 491
374 374 492 492
235 235 493 493
485 485 494 494
361 361 495 495
151 151 496 496
125 125 497 497
262 262 498 498
246 246 499 499
0 0 500 500
