1000
867 975 858 62
188 28 939 859
206 235 853 110
511 227 774 380
155 873 229 56
92 895 357 832
383 568 843 747
833 889 210 314
848 773 662 829
348 489 648 355
861 752 374 246
809 311 527 554
887 521 848 160
26 829 876 671
514 285 497 932
484 678 208 19
120 356 230 961
870 524 520 416
749 796 162 597
447 924 797 733
84 624 837 494
112 155 327 682
124 268 132 823
410 373 65 627
909 77 146 126
694 739 251 940
885 79 810 500
926 73 223 619
77 596 713 110
954 70 172 803
706 118 984 346
739 594 583 200
587 618 441 106
909 664 468 637
142 94 80 803
409 449 350 495
385 779 187 253
920 666 145 75
128 544 281 472
625 828 729 577
902 776 62 380
337 467 106 966
641 877 977 667
856 988 162 601
668 714 510 133
660 384 572 468
413 291 564 372
591 697 429 112
876 585 612 542
822 200 790 440
929 117 927 445
827 989 684 620
999 925 774 82
784 98 808 110
465 383 463 529
303 473 232 912
726 877 463 670
135 652 838 339
436 328 717 987
234 293 644 594
84 978 325 226
847 155 545 484
371 958 341 896
763 261 969 147
780 920 992 896
738 166 717 358
316 788 252 341
857 272 115 488
885 239 834 220
599 692 85 285
501 653 296 505
774 588 216 514
76 763 114 715
271 101 971 337
209 558 203 484
858 852 408 815
322 412 554 392
325 119 277 823
908 175 618 572
360 193 579 302
86 900 757 671
453 321 465 715
906 353 693 530
350 381 343 812
737 516 919 92
480 690 527 130
976 725 230 562
283 847 270 606
210 91 101 883
857 478 543 818
828 371 619 828
189 901 703 438
750 410 308 131
188 607 259 189
459 962 637 704
442 240 511 733
542 391 421 100
295 300 591 739
655 839 736 316
758 958 123 132
946 291 641 325
986 615 702 273
738 693 354 900
138 682 506 840
790 731 378 190
733 523 384 133
368 869 323 334
763 966 409 900
381 530 977 412
261 790 821 898
610 214 882 190
435 126 898 136
943 970 844 565
145 528 340 673
737 231 436 961
643 912 362 736
246 765 798 972
796 182 752 185
636 889 724 888
885 220 484 427
456 250 181 177
434 725 420 755
696 325 823 207
614 930 785 612
421 893 470 790
793 797 272 919
173 428 623 188
225 702 857 503
612 507 936 679
668 393 319 791
655 673 434 634
242 283 947 388
191 454 783 708
494 658 439 748
477 261 965 480
692 218 594 293
605 850 384 644
346 774 405 663
501 409 212 518
304 707 161 170
543 430 244 638
469 303 713 926
220 970 586 901
158 1000 422 627
877 489 758 594
484 648 301 812
643 729 772 337
670 445 387 809
897 491 732 408
419 447 492 992
690 537 728 277
557 552 336 943
224 244 831 450
604 731 586 417
753 973 649 367
292 332 734 677
883 865 297 606
501 404 908 551
185 522 306 595
521 408 455 300
497 307 608 897
354 457 680 803
673 354 631 640
235 560 740 968
693 709 785 484
621 620 690 581
381 414 265 347
736 725 370 255
366 687 362 750
180 848 573 781
654 702 272 871
942 777 762 595
487 272 448 469
426 500 889 794
797 535 566 814
716 265 417 513
330 917 346 943
621 280 216 671
723 727 780 629
935 618 730 195
945 316 644 929
938 978 782 474
435 834 917 429
727 747 750 866
768 528 410 842
835 682 644 761
899 260 569 873
394 533 970 607
919 324 417 895
880 306 690 595
564 537 904 557
754 254 643 893
556 974 956 922
674 549 950 978
988 664 960 612
697 446 413 692
592 498 935 425
988 439 273 900
664 745 452 288
637 803 487 747
433 840 948 890
660 277 470 287
430 588 633 911
877 722 433 811
268 558 442 841
427 613 996 379
869 712 344 256
851 417 813 711
570 637 778 352
306 443 559 674
694 310 797 520
885 930 459 844
495 866 630 223
894 304 393 595
791 708 322 667
760 745 767 559
536 899 798 969
409 400 835 618
959 601 956 803
735 751 703 454
237 764 732 663
982 720 639 318
364 480 407 993
933 819 970 577
601 573 713 938
945 704 327 454
367 324 776 805
434 294 546 774
778 297 956 569
475 861 290 777
825 860 900 982
441 787 920 720
839 715 327 575
544 344 614 966
411 931 918 731
831 495 628 410
360 375 557 926
456 499 826 466
367 931 337 721
403 579 417 257
889 350 827 446
692 776 671 657
314 399 487 549
403 412 673 626
801 441 543 987
852 262 995 523
691 266 686 267
966 642 694 327
437 776 325 499
443 969 762 858
624 368 956 362
272 476 297 341
270 329 882 645
972 319 967 885
913 379 548 979
346 579 628 823
494 659 825 880
838 933 750 715
442 720 691 453
995 492 786 972
650 516 311 595
972 850 439 315
519 972 594 705
527 685 740 625
294 930 950 773
432 598 885 593
706 387 743 704
427 442 439 409
719 538 282 610
801 725 620 830
399 616 496 292
879 311 608 962
779 428 324 804
854 587 990 279
377 399 561 635
296 775 323 747
892 821 538 363
542 990 891 754
590 963 884 701
519 848 402 832
514 300 534 571
670 465 942 795
940 679 468 483
728 507 338 519
503 624 922 828
934 572 979 773
511 857 850 589
457 867 310 834
741 740 589 539
537 557 875 441
701 659 880 827
532 873 929 505
350 525 310 325
488 456 736 728
390 467 960 599
777 809 311 356
423 706 949 687
559 316 578 485
494 887 582 514
878 992 359 682
312 532 651 866
957 330 374 614
492 379 693 380
861 318 403 500
668 911 777 669
911 459 636 770
398 732 568 619
533 732 453 926
311 439 399 669
876 503 371 737
941 755 467 631
719 646 563 974
516 624 654 415
517 826 617 711
744 978 790 641
322 322 658 392
811 756 748 478
663 736 742 806
500 663 704 714
665 813 621 832
933 470 913 645
652 575 932 592
846 652 334 443
352 969 753 771
747 783 381 409
517 607 955 929
954 725 891 738
626 338 875 540
980 498 890 768
456 964 377 969
1000 674 462 365
588 751 431 446
489 373 824 961
675 942 838 775
792 726 718 434
357 443 802 997
718 702 920 798
792 550 391 942
998 344 718 953
983 801 663 349
441 684 380 443
539 633 400 385
540 541 561 541
720 461 366 861
678 391 769 394
732 913 746 632
726 623 705 656
706 408 438 730
841 684 417 915
914 403 524 757
599 516 652 983
525 841 933 751
998 943 431 822
784 433 624 922
814 958 724 453
533 945 674 395
768 882 568 751
915 859 984 777
883 824 709 680
668 513 490 853
469 532 700 694
628 751 874 863
556 637 487 417
838 846 830 976
620 935 764 685
619 515 834 374
429 619 647 989
373 859 989 838
607 715 919 709
757 451 826 488
393 963 423 934
818 996 630 555
526 581 907 626
767 958 956 945
831 562 642 551
652 986 535 631
545 485 566 639
453 684 727 421
901 538 578 640
948 958 579 755
622 612 886 691
741 515 623 674
694 432 416 641
769 758 790 670
455 986 673 762
514 424 486 506
594 612 620 952
604 866 938 397
636 893 830 838
537 494 955 619
797 448 393 889
730 700 848 767
601 438 846 910
832 861 421 684
486 631 983 551
651 792 773 439
470 686 536 509
966 469 957 636
923 517 584 595
411 515 894 950
510 542 724 721
497 550 472 512
417 584 657 663
525 677 666 601
903 917 903 915
752 851 614 555
657 501 504 963
793 727 625 814
725 849 765 969
838 837 511 594
770 484 694 588
650 821 727 668
962 605 946 425
888 664 806 657
788 738 763 846
726 789 453 782
701 860 654 849
1000 514 437 598
567 470 889 580
483 714 967 575
611 752 644 768
586 743 536 742
927 454 571 740
552 747 717 631
507 681 711 971
936 601 859 765
892 940 730 839
439 741 889 973
782 948 803 967
733 495 794 728
998 988 849 971
767 682 482 484
966 710 887 977
932 640 591 610
558 922 490 928
784 533 571 683
590 761 973 730
854 715 454 526
444 481 571 508
474 610 856 633
902 519 632 606
875 536 656 737
448 954 445 812
764 712 537 453
889 873 700 789
523 867 478 725
903 834 491 541
991 687 468 736
853 809 470 831
866 966 750 528
589 844 801 491
461 800 487 770
693 961 595 814
508 472 804 669
536 727 947 534
667 877 626 983
735 635 952 651
547 875 828 770
850 990 599 932
942 869 904 633
561 636 715 464
856 829 492 996
891 581 822 631
552 747 493 793
623 701 888 759
537 694 539 909
975 968 949 934
774 956 647 689
721 909 996 942
611 827 729 604
989 654 785 830
912 892 856 491
836 923 929 888
610 503 604 551
482 586 612 812
610 864 883 511
523 678 865 885
497 500 542 981
965 863 784 600
870 506 841 846
911 915 545 614
665 783 748 909
856 830 739 934
794 956 634 801
509 538 914 934
909 1000 593 810
862 953 969 993
702 499 918 883
658 609 746 620
652 817 510 866
997 840 869 950
769 636 562 835
769 845 822 833
790 750 909 559
740 613 505 949
941 621 826 921
804 717 573 846
564 801 604 610
908 970 762 879
916 572 597 611
613 516 555 845
991 874 677 880
771 836 812 902
766 814 901 785
893 926 740 594
949 610 847 939
923 652 814 901
897 606 541 677
882 855 626 942
807 727 630 823
869 686 840 522
923 528 982 953
925 680 992 921
854 609 552 539
965 627 764 935
740 887 630 929
689 588 710 630
644 700 730 753
548 935 747 839
759 545 751 710
882 721 941 827
736 665 826 785
560 686 761 906
714 711 682 990
868 726 567 596
982 694 657 845
531 547 989 664
995 859 694 702
737 989 948 843
807 770 936 708
775 610 687 559
548 652 557 986
870 653 594 555
933 627 802 558
583 810 732 761
710 894 946 895
972 653 749 932
987 605 576 614
960 552 802 765
700 616 692 565
902 897 991 875
655 748 694 719
819 598 935 888
555 955 972 578
987 819 908 623
959 722 625 826
877 873 724 859
966 746 761 643
802 663 881 985
661 791 790 628
916 754 999 744
981 702 798 748
710 877 938 777
778 676 769 816
933 952 858 765
619 881 646 872
969 853 772 750
800 741 871 739
577 600 927 953
664 825 578 939
978 639 621 989
920 966 940 849
914 693 845 747
865 594 849 733
679 665 975 625
776 828 811 943
788 889 613 671
949 810 722 596
895 799 672 700
746 761 707 853
961 612 877 679
844 997 684 718
869 677 900 578
714 666 959 1000
916 734 707 712
599 682 593 656
817 946 870 601
964 656 740 878
688 619 874 587
620 917 643 663
663 930 920 996
594 672 711 710
731 726 897 686
976 964 998 771
595 787 954 973
752 782 806 848
864 920 878 886
997 702 779 996
671 798 640 852
901 915 755 997
604 709 745 993
906 962 954 810
815 909 602 672
960 957 916 640
842 921 955 701
860 892 891 923
766 831 759 905
849 988 921 983
744 759 889 975
701 759 985 754
740 898 953 986
609 795 709 934
606 819 896 952
931 636 975 917
618 879 629 947
972 660 742 642
709 870 883 666
867 945 887 935
955 886 720 738
899 875 712 736
833 758 875 664
998 855 819 772
922 818 939 770
616 938 619 911
995 705 897 629
948 668 818 898
833 873 896 959
838 900 994 828
836 811 753 891
645 918 899 957
907 682 715 845
724 788 981 954
984 697 902 946
788 929 944 953
979 812 942 695
869 746 755 913
712 985 667 917
811 740 675 759
993 935 650 664
810 940 933 798
912 940 851 929
973 792 942 679
726 706 955 846
970 740 809 862
887 752 975 968
924 914 755 866
819 707 653 983
655 806 650 677
775 798 882 747
959 793 989 644
985 779 871 772
908 833 675 843
921 766 670 698
706 997 812 751
896 873 792 652
743 818 800 970
794 792 724 781
780 834 894 818
894 653 901 856
838 931 788 921
943 678 844 970
933 992 670 862
678 717 948 944
960 682 939 869
888 990 849 746
857 794 665 759
797 984 975 731
836 774 690 697
672 946 737 711
833 948 681 718
943 928 806 935
814 754 705 832
815 898 852 671
711 803 972 832
731 816 843 963
813 875 994 699
797 914 711 698
786 887 1000 892
939 918 786 979
959 971 963 833
990 843 862 959
723 872 684 860
696 811 985 981
945 675 861 917
895 799 773 832
729 707 845 761
994 714 958 855
778 832 851 699
808 706 857 955
737 858 923 782
701 836 888 720
937 747 908 974
860 733 843 975
743 958 747 787
697 744 831 696
757 748 705 996
894 719 775 696
876 881 815 799
714 767 984 980
832 701 834 702
837 764 893 802
726 940 796 793
696 821 905 813
716 769 851 891
726 968 900 702
817 858 970 699
793 992 959 900
823 711 857 866
711 842 734 708
750 791 797 705
936 934 742 821
844 926 719 744
978 777 951 980
809 798 868 757
914 727 783 790
982 943 821 777
925 973 716 858
724 878 766 862
916 797 981 714
926 943 828 897
734 997 977 959
807 808 801 843
961 957 865 771
960 731 843 837
908 780 780 909
992 946 735 843
867 910 755 979
811 995 735 880
853 915 946 864
784 899 951 970
901 985 771 978
769 930 734 948
818 935 732 878
808 948 866 743
959 864 897 744
755 860 739 750
831 888 865 976
905 741 798 933
841 881 799 828
951 914 736 957
790 887 908 782
934 905 844 936
734 832 749 991
919 782 766 984
824 966 885 917
909 896 814 855
995 780 962 745
804 865 888 851
884 772 896 947
752 944 949 939
938 928 760 872
841 868 987 955
993 810 812 875
843 983 985 921
954 873 798 792
783 927 844 932
876 748 824 845
799 813 794 896
922 805 770 939
911 956 854 907
778 905 820 816
964 791 808 852
766 937 926 853
875 891 780 798
979 831 934 805
804 777 880 767
934 993 992 836
881 918 794 871
775 905 763 957
897 895 929 914
954 854 978 906
970 985 865 772
865 854 847 878
787 962 906 975
868 956 883 960
785 941 782 785
773 827 851 910
890 999 864 969
806 939 859 903
926 795 879 783
950 995 869 861
941 962 810 835
780 868 975 878
891 975 799 838
910 800 874 959
879 973 934 857
973 934 927 852
820 864 808 914
916 897 895 973
896 928 782 946
978 812 894 802
855 995 858 948
973 863 983 922
839 945 841 852
901 919 809 837
823 988 984 817
789 977 948 926
821 809 890 868
956 871 936 976
967 909 928 832
812 906 798 916
936 913 827 906
864 861 925 986
951 808 982 994
894 949 827 928
815 866 976 867
931 853 956 838
836 875 873 895
893 981 868 820
863 997 976 811
875 947 813 892
821 938 943 923
974 893 918 854
959 821 880 990
968 895 900 919
949 836 834 825
991 850 843 872
845 932 959 993
981 835 923 855
915 844 957 954
861 848 981 882
857 865 940 965
917 948 839 838
874 951 967 994
840 924 894 947
826 896 988 921
974 958 988 831
996 868 975 993
957 964 967 934
944 951 855 879
836 883 893 968
853 944 982 868
983 894 893 904
898 899 974 873
886 861 924 953
990 923 877 894
956 868 945 891
966 920 983 881
968 988 900 899
989 873 913 868
948 985 897 835
920 925 862 974
948 971 956 938
884 988 916 961
931 906 878 940
968 940 989 841
949 878 878 984
943 926 868 1000
970 900 851 948
970 879 990 853
868 873 862 932
942 976 856 939
861 855 924 871
923 948 953 872
848 897 920 885
887 969 868 962
993 952 928 946
892 868 959 880
881 890 912 918
986 958 893 875
859 948 859 927
954 967 968 898
900 926 868 957
899 913 993 962
885 858 887 870
941 888 869 1000
944 915 980 914
999 879 940 883
881 868 876 955
995 952 899 942
995 883 913 954
881 927 956 885
867 895 986 962
963 973 995 889
947 915 898 876
885 884 931 938
996 961 896 944
957 945 892 997
993 971 898 908
913 876 933 974
897 992 966 966
955 909 881 892
989 908 965 877
934 951 901 937
994 902 997 971
951 904 877 947
992 967 959 909
922 980 923 951
907 949 938 944
981 933 998 987
938 969 909 928
988 993 969 903
950 951 978 1000
977 946 980 962
929 903 966 923
977 962 978 954
889 922 962 919
995 995 905 952
933 956 920 913
897 895 914 984
933 955 981 980
953 954 904 943
923 960 926 954
982 912 914 920
902 906 968 929
966 935 958 908
970 948 912 962
965 904 969 928
936 960 930 982
975 963 979 940
927 921 967 908
984 926 938 984
924 931 908 906
975 922 996 947
991 918 968 974
936 984 956 945
993 931 963 966
927 969 946 916
933 945 960 928
952 971 975 925
960 953 952 959
986 953 929 977
914 914 916 967
966 991 993 995
952 951 993 935
969 988 976 965
960 967 919 944
932 944 995 932
947 943 943 986
968 956 925 955
961 975 972 941
946 940 939 956
936 975 997 951
958 952 1000 989
928 979 958 978
961 991 949 960
979 951 979 951
945 952 953 980
986 969 990 990
966 949 933 978
966 994 988 946
946 949 953 958
983 993 998 992
995 959 956 975
982 1000 939 975
977 956 982 940
951 1000 959 958
968 943 997 954
1000 954 963 981
968 990 993 951
991 974 995 956
946 994 951 991
967 965 997 996
984 987 962 990
949 969 971 990
965 963 982 956
957 982 977 993
989 991 976 950
962 985 987 992
995 959 996 962
995 974 1000 998
971 979 962 977
959 991 954 974
974 955 980 984
974 971 984 976
960 989 996 965
982 972 962 964
993 988 992 984
972 990 971 992
967 989 970 979
972 970 963 968
982 991 970 976
994 976 965 1000
1000 997 982 997
998 988 988 998
998 990 1000 994
998 998 989 995
997 990 996 975
986 999 999 982
977 990 987 989
992 979 981 985
997 986 975 985
985 994 998 984
987 989 987 979
995 995 982 981
981 997 989 997
993 982 999 990
985 990 992 982
999 989 1000 993
991 994 995 1000
994 985 984 993
993 996 996 987
995 992 991 990
995 987 998 990
991 991 997 996
988 993 993 992
994 994 995 994
998 995 995 990
991 994 994 990
996 1000 997 992
996 995 999 996
999 999 994 993
994 998 994 996
995 995 997 995
999 996 997 996
1000 997 997 999
1000 998 1000 998
999 1000 1000 999
1000 1000 1000 1000
0 0 0 0
938 511 593 220
657 859 249 549
280 629 322 328
956 3 223 219
574 210 502 657
794 159 666 999
559 809 230 398
735 504 825 981
863 443 622 907
491 165 60 417
352 400 212 580
80 15 184 648
63 789 454 416
785 581 873 268
413 193 279 666
599 982 250 877
454 688 898 818
59 508 947 366
369 743 15 825
327 950 212 221
80 969 400 407
621 861 165 528
447 30 446 177
878 811 969 416
747 633 633 416
534 270 859 233
522 341 880 327
895 393 139 313
464 72 566 86
151 322 83 629
940 107 61 810
265 374 464 502
984 942 531 186
423 752 582 162
63 386 109 386
957 79 354 562
314 897 358 410
483 235 876 624
398 989 51 7
84 159 416 999
301 428 913 230
116 179 497 476
996 261 308 781
545 644 682 344
83 973 983 623
290 355 499 827
785 523 385 704
138 548 155 70
746 973 730 1000
984 344 455 315
443 312 612 57
803 331 360 501
441 798 793 276
283 384 966 970
763 197 981 612
355 803 785 137
747 406 996 663
497 907 263 146
114 252 202 733
238 336 261 511
913 934 943 712
555 768 753 657
771 743 412 747
702 517 389 867
271 180 847 840
505 971 692 581
846 891 857 804
140 518 270 104
355 203 657 805
233 633 995 484
923 374 322 278
474 43 847 673
239 521 17 866
758 763 792 398
280 198 921 533
155 967 549 8
158 780 421 840
159 158 353 467
194 532 49 695
146 489 13 497
534 915 410 265
854 555 265 610
412 416 336 497
159 374 263 661
576 441 438 495
170 771 973 865
69 785 596 661
976 74 424 644
894 361 136 726
410 170 980 907
728 543 987 597
340 828 980 13
233 165 891 156
841 755 501 877
397 804 835 179
221 266 623 69
14 510 908 446
513 381 66 71
25 935 711 808
967 984 751 916
103 249 590 225
210 30 852 620
286 844 919 612
980 521 836 523
92 921 915 308
130 496 148 305
789 640 915 686
997 768 284 927
865 771 771 497
62 304 522 197
646 601 130 192
237 44 443 710
956 797 825 105
51 151 63 485
669 315 109 84
738 686 747 336
63 921 308 236
333 915 657 794
213 360 989 730
910 526 426 809
597 985 49 974
480 640 495 622
502 280 765 793
264 695 146 1000
908 308 159 677
315 401 709 473
27 944 514 957
246 170 770 465
847 681 869 796
402 261 156 315
827 459 235 500
789 439 686 32
525 845 551 43
259 79 999 322
511 850 360 315
312 743 277 130
485 873 669 279
336 436 170 528
388 680 704 156
322 613 333 556
705 681 962 317
355 464 86 401
479 632 384 702
920 497 574 661
485 200 222 12
594 497 818 410
219 200 348 258
993 386 996 521
993 74 694 282
87 305 768 504
489 908 228 159
454 688 688 454
837 859 170 841
844 559 652 197
15 932 898 762
805 382 556 973
492 685 204 133
919 240 344 981
702 764 214 386
842 78 422 876
157 135 677 58
638 597 676 313
386 817 718 746
647 1000 760 339
25 1000 313 511
388 43 443 137
867 320 97 252
908 437 204 478
12 779 969 658
152 850 25 640
49 15 952 854
177 641 918 236
718 9 215 782
876 856 860 2
797 768 652 305
299 948 51 972
847 981 916 943
849 115 184 935
985 915 156 202
794 988 480 254
821 821 641 723
393 240 135 25
897 286 977 762
828 828 632 610
96 122 984 239
743 351 254 825
859 997 845 230
146 352 640 304
349 730 847 186
152 339 60 165
977 844 465 945
225 135 771 118
610 973 747 165
781 977 63 264
929 209 893 245
104 369 962 14
666 236 831 652
828 872 277 368
960 320 915 633
146 985 277 349
107 374 303 405
328 336 730 485
938 841 280 336
561 294 109 895
780 965 180 932
506 585 498 32
931 820 8 221
851 541 918 646
383 612 35 938
704 452 995 322
491 607 956 960
809 702 15 390
764 610 629 382
629 485 549 451
935 285 650 674
770 593 556 812
204 417 704 792
851 890 633 234
916 265 398 983
676 46 667 122
809 865 638 255
789 999 63 382
673 521 835 203
525 264 299 488
451 221 159 1000
792 118 797 874
222 511 755 225
277 841 844 412
978 599 142 854
882 581 999 849
758 977 341 510
974 131 227 302
633 159 511 747
14 543 139 276
623 355 803 309
755 885 480 265
394 764 84 137
405 328 312 221
386 921 351 633
828 610 738 86
404 126 413 879
718 87 919 686
251 351 442 206
692 265 688 581
296 136 143 632
93 379 248 240
871 6 109 225
57 989 197 238
556 255 221 485
21 72 830 899
424 280 441 19
454 983 555 825
828 6 984 921
277 410 333 333
873 109 369 360
517 607 524 451
328 640 25 315
686 234 991 360
769 239 837 995
594 920 918 189
257 412 640 764
741 934 434 386
794 785 640 140
255 681 907 446
333 165 989 268
859 638 672 213
268 300 192 331
785 735 170 781
346 841 741 877
577 688 781 809
600 313 6 613
511 669 638 803
552 698 449 698
980 889 610 838
146 530 792 692
146 758 109 148
369 312 3 336
249 221 704 932
152 549 735 213
688 747 747 410
943 181 139 567
973 844 219 702
593 137 74 383
21 67 295 277
449 103 970 653
989 610 1000 109
580 213 615 379
730 996 859 434
845 850 47 803
296 482 221 504
365 470 627 850
776 876 2 173
153 738 308 735
780 374 51 6
938 764 452 165
97 505 812 97
849 143 743 614
614 618 956 249
863 763 995 2
977 765 937 398
783 253 635 882
312 989 95 919
981 43 977 872
933 249 988 116
485 116 730 261
780 530 554 340
480 464 51 288
115 663 374 841
83 193 382 844
57 233 392 369
78 84 789 521
109 865 35 746
1000 485 850 63
353 439 107 211
669 497 747 973
950 924 338 3
849 240 852 898
810 513 522 536
839 462 361 598
333 638 789 730
423 773 21 661
280 735 497 497
159 640 49 255
58 308 276 137
732 690 15 140
635 871 81 339
972 916 633 86
747 25 448 497
688 918 533 135
733 823 720 592
596 386 248 92
423 644 539 385
454 497 1000 771
948 497 222 614
144 336 62 125
25 865 369 35
158 669 135 921
229 238 915 935
9 743 191 607
674 982 63 498
623 437 295 336
438 200 569 919
751 749 601 251
577 825 265 413
781 331 245 463
562 14 836 694
126 676 506 854
677 946 692 509
907 657 743 581
632 287 308 789
781 277 841 355
704 279 629 280
151 107 890 58
541 935 733 7
743 771 454 412
501 672 648 544
152 203 237 297
271 103 630 130
576 394 219 181
448 109 1000 747
445 868 441 242
50 742 666 58
821 868 478 723
344 932 665 110
977 412 511 681
158 514 872 680
105 272 900 333
747 165 575 895
328 497 416 109
681 244 907 850
79 970 510 194
51 156 296 263
185 402 988 681
109 268 152 780
287 190 514 712
948 566 553 826
383 916 519 246
646 693 842 887
999 916 794 214
240 762 907 511
312 525 233 279
865 771 828 1000
817 286 859 413
15 116 676 156
809 252 780 401
1000 454 1000 454
622 229 839 416
1000 386 25 386
356 989 640 764
746 828 718 674
454 451 17 941
203 386 35 340
202 674 286 629
369 135 648 312
384 787 735 113
892 323 308 594
666 794 383 755
835 973 873 771
140 267 406 345
718 855 135 139
443 993 309 999
333 771 688 170
770 182 878 809
481 235 58 365
640 254 257 35
193 596 702 485
452 735 159 336
758 410 146 135
350 963 29 599
448 448 771 747
584 231 279 870
828 416 454 497
702 25 328 747
394 970 145 670
227 239 684 423
771 771 828 771
408 349 136 776
61 649 595 49
574 496 377 680
257 352 6 323
222 199 941 793
666 775 289 770
116 729 117 751
153 763 413 539
464 158 92 438
986 674 896 56
559 194 97 122
219 370 692 97
370 885 971 877
45 985 443 844
7 132 713 970
940 374 265 146
687 923 838 612
489 580 451 556
905 891 7 221
192 623 368 413
505 919 272 793
661 276 682 597
463 672 797 705
941 110 847 589
776 340 743 63
738 906 675 374
652 661 146 747
465 882 512 372
317 689 365 960
638 156 156 412
842 59 273 996
1000 1000 1000 1000
730 711 971 109
682 408 516 411
873 152 386 633
107 805 336 510
221 54 788 804
448 1000 1000 448
30 247 640 223
887 612 995 788
974 309 920 324
289 989 591 265
311 735 290 390
932 246 465 837
445 95 317 912
762 887 480 350
940 180 663 895
257 686 672 261
512 386 328 146
285 392 522 96
240 214 222 556
806 62 522 317
420 345 107 480
890 210 484 652
863 96 257 372
398 614 872 877
659 590 344 803
451 213 600 165
277 854 698 855
535 850 577 849
582 793 657 756
430 175 271 244
544 392 835 146
973 443 25 771
158 315 209 758
973 1000 146 989
535 305 355 282
789 610 593 323
933 999 382 412
599 594 932 872
547 479 858 197
76 523 69 372
115 49 249 669
898 688 581 657
32 988 738 702
532 162 84 407
485 374 308 464
11 921 309 775
369 704 908 263
482 197 268 933
633 1000 386 410
688 747 735 613
859 753 14 659
669 841 135 510
534 159 511 156
789 410 840 263
84 248 317 193
135 221 159 702
865 933 828 640
622 200 491 590
933 989 688 136
184 895 600 365
921 624 988 49
413 451 451 280
828 828 25 63
510 812 296 412
556 259 689 230
412 408 978 170
430 952 640 675
812 312 304 873
926 388 662 735
827 402 105 972
729 266 194 803
936 496 162 817
430 632 45 244
263 629 735 747
475 830 80 608
891 686 87 142
642 452 1000 214
905 764 712 477
447 730 876 829
963 178 465 818
136 887 673 635
271 320 512 312
158 405 7 812
686 666 789 933
351 944 459 80
265 213 812 170
14 193 919 386
434 960 794 743
20 36 725 304
865 835 855 13
789 339 434 951
384 333 646 135
663 153 680 770
109 852 97 590
416 436 419 867
610 818 511 119
579 272 255 574
580 730 812 634
56 908 437 526
849 128 13 672
511 805 633 413
122 690 886 195
345 960 125 264
303 381 481 587
463 166 148 783
333 837 452 328
702 388 873 803
257 511 386 973
71 73 512 855
940 312 178 92
776 489 632 885
916 363 964 231
479 597 903 943
510 459 317 841
659 688 893 352
12 559 798 135
498 983 242 86
977 880 845 107
565 543 844 803
1000 423 483 490
473 264 873 670
218 373 504 710
438 959 275 227
484 999 594 139
148 303 282 290
349 143 107 511
225 402 151 581
184 497 898 87
328 170 382 336
90 947 317 881
967 177 999 804
669 451 386 485
809 511 594 505
916 1000 377 406
470 753 547 278
951 805 767 213
382 861 228 783
373 28 704 669
401 370 511 792
150 62 430 311
634 597 659 749
109 374 686 159
229 248 302 934
993 628 57 125
448 623 315 49
386 280 511 743
170 548 186 876
556 312 629 379
738 663 9 219
576 600 575 855
991 165 197 394
638 115 270 393
185 190 859 746
209 546 166 301
837 780 580 56
877 674 553 248
93 763 534 368
43 372 821 191
255 873 510 83
313 988 642 360
167 208 241 2
818 360 336 328
532 909 917 531
140 577 402 580
286 402 268 261
663 222 534 308
277 841 322 844
340 813 236 853
597 187 498 796
594 551 873 140
411 46 145 496
151 12 384 407
261 336 485 406
663 413 885 214
654 638 580 83
268 369 19 623
485 651 832 304
650 903 223 981
296 398 14 97
932 252 491 610
146 865 485 933
915 333 315 898
541 461 974 762
865 988 669 933
1000 386 386 448
597 775 705 756
225 446 974 932
588 951 807 122
452 976 982 88
336 743 416 410
261 391 559 471
255 109 633 152
115 227 685 408
2 688 412 507
662 513 449 889
156 410 734 496
46 374 515 316
200 898 323 735
470 754 268 756
6 312 6 785
118 289 804 118
804 190 270 389
574 481 724 773
982 277 915 140
117 197 955 758
747 402 850 333
685 967 350 860
325 787 152 492
828 410 865 497
193 6 412 56
505 184 718 1000
294 663 118 96
170 638 629 989
667 567 937 711
771 978 386 818
982 501 472 742
681 158 277 720
973 549 780 413
416 555 268 514
584 270 607 516
386 497 633 511
781 512 768 9
525 864 56 608
640 159 764 222
340 704 94 143
828 49 686 485
841 755 246 303
747 610 213 170
803 747 410 115
672 109 248 491
971 16 684 58
309 480 370 143
847 452 268 812
705 194 493 747
572 215 867 333
615 493 356 943
877 849 270 921
844 844 781 873
728 310 154 933
454 828 828 497
35 388 454 390
430 877 648 444
341 121 952 591
497 556 780 859
504 908 439 136
116 970 523 700
885 663 771 444
86 718 549 749
437 918 513 608
978 277 865 663
247 718 858 949
25 984 365 652
179 192 229 900
25 594 336 388
934 735 19 593
166 83 638 313
402 103 511 607
657 622 960 503
984 422 977 917
916 895 709 62
227 640 307 769
787 847 489 279
479 308 498 197
764 94 674 607
514 849 184 143
613 607 613 193
553 249 439 847
439 720 153 565
690 566 271 604
747 818 279 268
8 117 262 451
677 236 872 633
309 341 403 509
470 646 777 573
282 303 982 356
770 210 510 346
931 875 95 64
612 333 981 253
957 453 313 6
504 193 170 985
999 202 935 12
743 497 410 25
107 842 672 866
28 720 305 261
446 60 249 434
49 831 194 216
280 448 448 25
408 866 138 481
309 853 839 233
257 255 320 25
225 789 981 970
688 895 255 252
783 498 857 521
669 688 135 738
865 865 386 633
177 452 460 423
674 166 389 892
828 146 633 336
771 454 771 633
207 60 891 960
158 993 999 407
852 921 341 254
255 117 434 323
117 197 969 793
690 969 312 83
78 855 695 352
249 63 159 45
781 614 448 349
370 69 236 916
985 674 119 280
494 572 332 830
962 57 153 40
230 238 485 355
512 877 929 865
136 184 15 35
638 735 818 497
665 406 891 305
558 860 439 457
502 507 299 612
119 355 90 593
264 356 412 382
828 534 336 493
828 828 386 828
327 923 303 984
775 30 805 118
981 635 435 85
390 115 996 978
507 593 369 444
140 320 144 596
287 704 324 751
971 491 685 199
410 873 146 916
735 688 35 152
524 95 673 2
228 448 985 735
166 648 867 484
360 973 360 973
864 193 667 867
575 210 437 230
968 492 291 747
657 747 454 410
659 742 358 633
915 695 205 636
360 996 86 337
3 315 648 322
580 735 916 213
764 181 148 322
13 913 685 230
84 794 755 118
237 554 30 805
712 536 746 730
35 200 426 630
666 761 252 948
451 369 596 587
828 146 640 511
115 340 290 222
170 315 313 640
804 794 310 379
462 239 749 864
960 219 40 600
594 369 850 669
259 692 432 465
242 29 663 552
983 828 593 312
80 56 13 356
558 65 331 709
838 464 501 918
60 9 967 7
369 623 497 504
410 360 63 743
333 834 984 145
136 630 834 756
502 670 661 621
33 857 907 197
942 490 140 377
436 920 65 148
505 336 406 130
180 989 292 241
516 804 307 109
448 633 386 633
764 125 145 523
3 214 659 163
279 738 933 374
86 56 19 230
1000 712 790 10
268 940 94 907
803 973 14 482
730 56 973 382
221 451 118 277
451 690 596 369
555 490 165 184
146 818 850 940
978 261 669 322
844 445 909 677
713 33 421 862
333 865 747 828
352 694 407 544
333 327 702 103
873 916 213 877
149 965 26 39
257 803 40 489
771 35 152 1000
214 315 282 394
255 496 313 718
21 345 948 63
594 558 40 834
771 264 989 983
103 107 51 184
638 406 530 467
407 502 949 934
25 3 844 915
214 489 543 468
155 622 705 597
770 109 312 907
865 920 907 379
255 629 610 146
633 828 448 633
732 938 853 200
381 580 804 864
575 489 763 525
7 248 763 553
481 111 932 160
700 199 654 242
844 763 69 847
454 454 109 828
507 170 532 352
806 933 640 805
197 69 59 646
915 119 263 933
237 905 385 380
705 612 580 716
865 903 709 219
119 216 410 581
86 35 659 313
181 151 691 591
274 938 422 270
607 312 394 225
648 317 885 465
704 890 278 638
448 119 227 431
452 166 511 669
805 233 313 96
803 632 596 257
137 260 828 732
798 274 216 304
789 555 369 874
465 304 594 877
967 8 663 229
613 270 163 698
794 228 3 988
556 253 25 629
762 732 65 488
98 595 818 105
165 192 282 740
859 728 479 776
59 471 328 868
532 753 932 484
828 358 642 594
674 983 286 254
63 130 556 983
264 465 496 497
140 104 122 851
554 817 312 228
177 128 393 13
864 144 103 96
683 160 148 932
669 640 119 999
789 764 255 213
143 667 521 837
816 786 385 475
360 136 803 500
280 989 249 663
596 221 728 349
965 871 831 809
991 502 8 280
115 556 322 184
926 624 692 100
191 780 242 657
902 982 400 288
454 215 92 629
805 500 96 313
186 780 328 191
525 881 767 504
255 702 781 276
416 109 416 360
880 485 201 996
237 738 973 369
524 227 714 960
235 118 340 451
633 809 265 83
277 163 891 74
312 818 640 580
504 83 25 159
356 496 757 122
874 297 785 629
918 287 107 355
2 465 309 612
324 596 622 163
959 320 746 501
576 236 984 728
94 86 225 479
358 234 559 302
392 287 254 344
47 993 638 903
208 951 541 84
895 493 466 884
271 652 941 940
581 296 840 945
604 905 369 79
252 963 257 401
509 926 219 350
383 279 137 58
840 201 628 908
166 812 600 982
556 502 398 14
122 26 433 996
641 729 87 491
205 253 706 441
594 753 929 661
225 407 590 35
938 544 919 360
268 534 534 916
654 496 970 652
14 743 390 730
828 933 1000 454
718 720 817 428
926 703 795 256
498 972 505 672
402 504 640 225
412 221 580 412
322 396 785 201
831 333 140 607
864 640 116 654
214 159 146 13
140 593 452 532
90 271 648 222
850 355 828 107
757 962 252 996
840 713 86 266
661 83 828 661
747 688 410 412
993 602 412 524
333 87 305 956
363 467 212 710
25 451 489 56
978 235 220 302
406 315 789 308
309 15 315 152
674 808 445 345
656 502 225 928
933 818 412 35
0 0 0 0
