1000
634 634 1 1
754 754 2 2
765 765 3 3
481 481 4 4
744 744 5 5
804 804 6 6
699 699 7 7
623 623 8 8
783 783 9 9
357 357 10 10
919 919 11 11
646 646 12 12
424 424 13 13
43 43 14 14
614 614 15 15
606 606 16 16
516 516 17 17
55 55 18 18
64 64 19 19
354 354 20 20
388 388 21 21
533 533 22 22
677 677 23 23
753 753 24 24
672 672 25 25
209 209 26 26
167 167 27 27
244 244 28 28
30 30 29 29
378 378 30 30
304 304 31 31
816 816 32 32
289 289 33 33
519 519 34 34
435 435 35 35
387 387 36 36
890 890 37 37
508 508 38 38
553 553 39 39
749 749 40 40
729 729 41 41
738 738 42 42
496 496 43 43
745 745 44 44
197 197 45 45
305 305 46 46
676 676 47 47
898 898 48 48
119 119 49 49
779 779 50 50
445 445 51 51
961 961 52 52
912 912 53 53
604 604 54 54
152 152 55 55
557 557 56 56
260 260 57 57
447 447 58 58
436 436 59 59
690 690 60 60
248 248 61 61
92 92 62 62
91 91 63 63
41 41 64 64
113 113 65 65
142 142 66 66
900 900 67 67
165 165 68 68
315 315 69 69
586 586 70 70
161 161 71 71
812 812 72 72
863 863 73 73
818 818 74 74
264 264 75 75
461 461 76 76
875 875 77 77
848 848 78 78
608 608 79 79
200 200 80 80
963 963 81 81
243 243 82 82
697 697 83 83
50 50 84 84
914 914 85 85
761 761 86 86
494 494 87 87
490 490 88 88
901 901 89 89
115 115 90 90
263 263 91 91
246 246 92 92
118 118 93 93
190 190 94 94
835 835 95 95
206 206 96 96
709 709 97 97
572 572 98 98
997 997 99 99
368 368 100 100
87 87 101 101
291 291 102 102
51 51 103 103
742 742 104 104
400 400 105 105
909 909 106 106
123 123 107 107
389 389 108 108
360 360 109 109
448 448 110 110
589 589 111 111
220 220 112 112
667 667 113 113
951 951 114 114
740 740 115 115
781 781 116 116
416 416 117 117
843 843 118 118
495 495 119 119
472 472 120 120
385 385 121 121
947 947 122 122
716 716 123 123
437 437 124 124
658 658 125 125
15 15 126 126
8 8 127 127
666 666 128 128
879 879 129 129
314 314 130 130
49 49 131 131
179 179 132 132
822 822 133 133
946 946 134 134
469 469 135 135
657 657 136 136
358 358 137 137
747 747 138 138
191 191 139 139
989 989 140 140
847 847 141 141
668 668 142 142
595 595 143 143
65 65 144 144
420 420 145 145
628 628 146 146
169 169 147 147
463 463 148 148
524 524 149 149
562 562 150 150
268 268 151 151
208 208 152 152
564 564 153 153
627 627 154 154
665 665 155 155
323 323 156 156
859 859 157 157
577 577 158 158
301 301 159 159
125 125 160 160
335 335 161 161
575 575 162 162
143 143 163 163
534 534 164 164
882 882 165 165
538 538 166 166
192 192 167 167
918 918 168 168
643 643 169 169
751 751 170 170
455 455 171 171
20 20 172 172
565 565 173 173
941 941 174 174
82 82 175 175
14 14 176 176
336 336 177 177
254 254 178 178
609 609 179 179
936 936 180 180
94 94 181 181
84 84 182 182
290 290 183 183
523 523 184 184
940 940 185 185
317 317 186 186
891 891 187 187
683 683 188 188
578 578 189 189
793 793 190 190
284 284 191 191
259 259 192 192
376 376 193 193
903 903 194 194
331 331 195 195
800 800 196 196
669 669 197 197
707 707 198 198
678 678 199 199
103 103 200 200
66 66 201 201
838 838 202 202
245 245 203 203
162 162 204 204
227 227 205 205
865 865 206 206
136 136 207 207
109 109 208 208
442 442 209 209
444 444 210 210
528 528 211 211
174 174 212 212
70 70 213 213
932 932 214 214
768 768 215 215
650 650 216 216
869 869 217 217
991 991 218 218
228 228 219 219
450 450 220 220
395 395 221 221
493 493 222 222
79 79 223 223
158 158 224 224
438 438 225 225
621 621 226 226
117 117 227 227
684 684 228 228
531 531 229 229
319 319 230 230
651 651 231 231
417 417 232 232
189 189 233 233
721 721 234 234
100 100 235 235
985 985 236 236
4 4 237 237
756 756 238 238
90 90 239 239
352 352 240 240
660 660 241 241
547 547 242 242
171 171 243 243
159 159 244 244
63 63 245 245
654 654 246 246
934 934 247 247
734 734 248 248
349 349 249 249
256 256 250 250
236 236 251 251
297 297 252 252
792 792 253 253
874 874 254 254
795 795 255 255
410 410 256 256
311 311 257 257
617 617 258 258
864 864 259 259
545 545 260 260
362 362 261 261
694 694 262 262
810 810 263 263
74 74 264 264
26 26 265 265
861 861 266 266
902 902 267 267
252 252 268 268
75 75 269 269
473 473 270 270
328 328 271 271
649 649 272 272
567 567 273 273
915 915 274 274
507 507 275 275
820 820 276 276
711 711 277 277
279 279 278 278
384 384 279 279
163 163 280 280
205 205 281 281
791 791 282 282
521 521 283 283
789 789 284 284
153 153 285 285
285 285 286 286
406 406 287 287
603 603 288 288
418 418 289 289
999 999 290 290
69 69 291 291
522 522 292 292
512 512 293 293
146 146 294 294
582 582 295 295
214 214 296 296
453 453 297 297
836 836 298 298
853 853 299 299
994 994 300 300
767 767 301 301
130 130 302 302
212 212 303 303
715 715 304 304
717 717 305 305
429 429 306 306
116 116 307 307
983 983 308 308
580 580 309 309
923 923 310 310
288 288 311 311
587 587 312 312
952 952 313 313
475 475 314 314
40 40 315 315
278 278 316 316
933 933 317 317
505 505 318 318
332 332 319 319
998 998 320 320
886 886 321 321
685 685 322 322
558 558 323 323
61 61 324 324
931 931 325 325
272 272 326 326
845 845 327 327
622 622 328 328
957 957 329 329
408 408 330 330
156 156 331 331
441 441 332 332
452 452 333 333
325 325 334 334
27 27 335 335
992 992 336 336
93 93 337 337
626 626 338 338
224 224 339 339
559 559 340 340
210 210 341 341
242 242 342 342
618 618 343 343
555 555 344 344
343 343 345 345
341 341 346 346
149 149 347 347
38 38 348 348
487 487 349 349
712 712 350 350
470 470 351 351
150 150 352 352
802 802 353 353
401 401 354 354
996 996 355 355
942 942 356 356
72 72 357 357
439 439 358 358
300 300 359 359
584 584 360 360
160 160 361 361
784 784 362 362
736 736 363 363
899 899 364 364
813 813 365 365
535 535 366 366
815 815 367 367
960 960 368 368
842 842 369 369
32 32 370 370
221 221 371 371
953 953 372 372
187 187 373 373
655 655 374 374
556 556 375 375
457 457 376 376
397 397 377 377
935 935 378 378
298 298 379 379
924 924 380 380
648 648 381 381
632 632 382 382
811 811 383 383
573 573 384 384
222 222 385 385
334 334 386 386
89 89 387 387
95 95 388 388
157 157 389 389
217 217 390 390
653 653 391 391
581 581 392 392
782 782 393 393
21 21 394 394
857 857 395 395
338 338 396 396
62 62 397 397
916 916 398 398
794 794 399 399
955 955 400 400
817 817 401 401
59 59 402 402
624 624 403 403
201 201 404 404
365 365 405 405
23 23 406 406
976 976 407 407
127 127 408 408
198 198 409 409
766 766 410 410
47 47 411 411
689 689 412 412
854 854 413 413
31 31 414 414
71 71 415 415
19 19 416 416
458 458 417 417
671 671 418 418
741 741 419 419
827 827 420 420
527 527 421 421
730 730 422 422
611 611 423 423
500 500 424 424
635 635 425 425
979 979 426 426
180 180 427 427
509 509 428 428
981 981 429 429
824 824 430 430
68 68 431 431
7 7 432 432
237 237 433 433
456 456 434 434
199 199 435 435
309 309 436 436
355 355 437 437
701 701 438 438
202 202 439 439
409 409 440 440
240 240 441 441
491 491 442 442
867 867 443 443
114 114 444 444
346 346 445 445
366 366 446 446
758 758 447 447
188 188 448 448
488 488 449 449
25 25 450 450
129 129 451 451
532 532 452 452
464 464 453 453
374 374 454 454
544 544 455 455
652 652 456 456
54 54 457 457
181 181 458 458
276 276 459 459
723 723 460 460
700 700 461 461
393 393 462 462
543 543 463 463
369 369 464 464
281 281 465 465
540 540 466 466
211 211 467 467
841 841 468 468
797 797 469 469
868 868 470 470
834 834 471 471
34 34 472 472
787 787 473 473
271 271 474 474
906 906 475 475
826 826 476 476
478 478 477 477
86 86 478 478
432 432 479 479
798 798 480 480
414 414 481 481
576 576 482 482
518 518 483 483
762 762 484 484
944 944 485 485
132 132 486 486
710 710 487 487
593 593 488 488
231 231 489 489
232 232 490 490
225 225 491 491
310 310 492 492
858 858 493 493
659 659 494 494
327 327 495 495
775 775 496 496
370 370 497 497
980 980 498 498
230 230 499 499
832 832 500 500
147 147 501 501
321 321 502 502
939 939 503 503
673 673 504 504
917 917 505 505
426 426 506 506
866 866 507 507
415 415 508 508
476 476 509 509
339 339 510 510
871 871 511 511
552 552 512 512
591 591 513 513
542 542 514 514
644 644 515 515
266 266 516 516
348 348 517 517
318 318 518 518
466 466 519 519
642 642 520 520
449 449 521 521
844 844 522 522
713 713 523 523
846 846 524 524
615 615 525 525
265 265 526 526
193 193 527 527
267 267 528 528
551 551 529 529
986 986 530 530
10 10 531 531
656 656 532 532
984 984 533 533
340 340 534 534
235 235 535 535
625 625 536 536
405 405 537 537
631 631 538 538
526 526 539 539
855 855 540 540
223 223 541 541
695 695 542 542
128 128 543 543
839 839 544 544
446 446 545 545
39 39 546 546
148 148 547 547
434 434 548 548
908 908 549 549
968 968 550 550
44 44 551 551
629 629 552 552
937 937 553 553
977 977 554 554
896 896 555 555
596 596 556 556
731 731 557 557
107 107 558 558
485 485 559 559
927 927 560 560
735 735 561 561
884 884 562 562
226 226 563 563
277 277 564 564
510 510 565 565
536 536 566 566
638 638 567 567
560 560 568 568
412 412 569 569
390 390 570 570
788 788 571 571
682 682 572 572
468 468 573 573
772 772 574 574
322 322 575 575
492 492 576 576
958 958 577 577
720 720 578 578
164 164 579 579
563 563 580 580
342 342 581 581
337 337 582 582
637 637 583 583
514 514 584 584
421 421 585 585
151 151 586 586
583 583 587 587
888 888 588 588
88 88 589 589
778 778 590 590
273 273 591 591
856 856 592 592
574 574 593 593
965 965 594 594
833 833 595 595
361 361 596 596
894 894 597 597
920 920 598 598
674 674 599 599
111 111 600 600
550 550 601 601
773 773 602 602
830 830 603 603
850 850 604 604
698 698 605 605
204 204 606 606
78 78 607 607
814 814 608 608
549 549 609 609
883 883 610 610
703 703 611 611
380 380 612 612
471 471 613 613
24 24 614 614
696 696 615 615
692 692 616 616
964 964 617 617
326 326 618 618
895 895 619 619
970 970 620 620
353 353 621 621
97 97 622 622
725 725 623 623
840 840 624 624
825 825 625 625
22 22 626 626
620 620 627 627
486 486 628 628
636 636 629 629
383 383 630 630
120 120 631 631
329 329 632 632
258 258 633 633
46 46 634 634
988 988 635 635
76 76 636 636
474 474 637 637
196 196 638 638
605 605 639 639
249 249 640 640
930 930 641 641
661 661 642 642
77 77 643 643
926 926 644 644
704 704 645 645
312 312 646 646
728 728 647 647
803 803 648 648
893 893 649 649
506 506 650 650
407 407 651 651
238 238 652 652
910 910 653 653
633 633 654 654
430 430 655 655
303 303 656 656
350 350 657 657
613 613 658 658
427 427 659 659
67 67 660 660
182 182 661 661
229 229 662 662
375 375 663 663
780 780 664 664
571 571 665 665
860 860 666 666
386 386 667 667
302 302 668 668
520 520 669 669
831 831 670 670
12 12 671 671
808 808 672 672
42 42 673 673
364 364 674 674
616 616 675 675
746 746 676 676
954 954 677 677
399 399 678 678
176 176 679 679
296 296 680 680
45 45 681 681
308 308 682 682
805 805 683 683
569 569 684 684
185 185 685 685
943 943 686 686
796 796 687 687
945 945 688 688
774 774 689 689
511 511 690 690
484 484 691 691
124 124 692 692
763 763 693 693
126 126 694 694
922 922 695 695
73 73 696 696
166 166 697 697
647 647 698 698
973 973 699 699
675 675 700 700
29 29 701 701
57 57 702 702
878 878 703 703
978 978 704 704
590 590 705 705
170 170 706 706
809 809 707 707
396 396 708 708
664 664 709 709
732 732 710 710
570 570 711 711
764 764 712 712
85 85 713 713
140 140 714 714
155 155 715 715
428 428 716 716
585 585 717 717
13 13 718 718
872 872 719 719
219 219 720 720
645 645 721 721
11 11 722 722
759 759 723 723
987 987 724 724
680 680 725 725
829 829 726 726
663 663 727 727
433 433 728 728
748 748 729 729
806 806 730 730
425 425 731 731
83 83 732 732
440 440 733 733
373 373 734 734
877 877 735 735
546 546 736 736
372 372 737 737
2 2 738 738
294 294 739 739
995 995 740 740
413 413 741 741
257 257 742 742
112 112 743 743
467 467 744 744
135 135 745 745
479 479 746 746
345 345 747 747
588 588 748 748
292 292 749 749
184 184 750 750
462 462 751 751
356 356 752 752
681 681 753 753
849 849 754 754
381 381 755 755
757 757 756 756
377 377 757 757
186 186 758 758
962 962 759 759
881 881 760 760
530 530 761 761
982 982 762 762
640 640 763 763
28 28 764 764
168 168 765 765
403 403 766 766
887 887 767 767
706 706 768 768
972 972 769 769
870 870 770 770
597 597 771 771
241 241 772 772
394 394 773 773
451 451 774 774
133 133 775 775
371 371 776 776
688 688 777 777
724 724 778 778
739 739 779 779
959 959 780 780
344 344 781 781
359 359 782 782
662 662 783 783
938 938 784 784
949 949 785 785
293 293 786 786
58 58 787 787
554 554 788 788
687 687 789 789
411 411 790 790
498 498 791 791
897 897 792 792
566 566 793 793
515 515 794 794
56 56 795 795
183 183 796 796
517 517 797 797
330 330 798 798
60 60 799 799
6 6 800 800
799 799 801 801
17 17 802 802
250 250 803 803
600 600 804 804
807 807 805 805
913 913 806 806
990 990 807 807
16 16 808 808
270 270 809 809
333 333 810 810
504 504 811 811
828 828 812 812
862 862 813 813
770 770 814 814
324 324 815 815
482 482 816 816
459 459 817 817
287 287 818 818
750 750 819 819
722 722 820 820
921 921 821 821
639 639 822 822
131 131 823 823
513 513 824 824
610 610 825 825
714 714 826 826
295 295 827 827
382 382 828 828
194 194 829 829
925 925 830 830
928 928 831 831
313 313 832 832
612 612 833 833
216 216 834 834
691 691 835 835
602 602 836 836
99 99 837 837
889 889 838 838
777 777 839 839
33 33 840 840
885 885 841 841
956 956 842 842
255 255 843 843
138 138 844 844
261 261 845 845
177 177 846 846
106 106 847 847
173 173 848 848
154 154 849 849
234 234 850 850
497 497 851 851
251 251 852 852
911 911 853 853
537 537 854 854
35 35 855 855
178 178 856 856
525 525 857 857
36 36 858 858
480 480 859 859
80 80 860 860
137 137 861 861
139 139 862 862
967 967 863 863
892 892 864 864
239 239 865 865
195 195 866 866
460 460 867 867
283 283 868 868
907 907 869 869
693 693 870 870
307 307 871 871
801 801 872 872
1000 1000 873 873
971 971 874 874
363 363 875 875
422 422 876 876
37 37 877 877
705 705 878 878
769 769 879 879
104 104 880 880
404 404 881 881
233 233 882 882
215 215 883 883
9 9 884 884
837 837 885 885
379 379 886 886
686 686 887 887
134 134 888 888
52 52 889 889
568 568 890 890
905 905 891 891
823 823 892 892
851 851 893 893
969 969 894 894
607 607 895 895
391 391 896 896
501 501 897 897
679 679 898 898
367 367 899 899
966 966 900 900
145 145 901 901
641 641 902 902
708 708 903 903
499 499 904 904
598 598 905 905
465 465 906 906
670 670 907 907
599 599 908 908
733 733 909 909
431 431 910 910
548 548 911 911
269 269 912 912
873 873 913 913
539 539 914 914
253 253 915 915
760 760 916 916
419 419 917 917
718 718 918 918
274 274 919 919
102 102 920 920
443 443 921 921
98 98 922 922
48 48 923 923
320 320 924 924
144 144 925 925
561 561 926 926
771 771 927 927
726 726 928 928
81 81 929 929
579 579 930 930
18 18 931 931
5 5 932 932
503 503 933 933
852 852 934 934
929 929 935 935
392 392 936 936
993 993 937 937
454 454 938 938
790 790 939 939
299 299 940 940
141 141 941 941
280 280 942 942
752 752 943 943
96 96 944 944
203 203 945 945
172 172 946 946
821 821 947 947
737 737 948 948
786 786 949 949
743 743 950 950
3 3 951 951
347 347 952 952
101 101 953 953
601 601 954 954
108 108 955 955
541 541 956 956
489 489 957 957
975 975 958 958
105 105 959 959
121 121 960 960
423 423 961 961
974 974 962 962
619 619 963 963
275 275 964 964
262 262 965 965
630 630 966 966
755 755 967 967
950 950 968 968
529 529 969 969
594 594 970 970
876 876 971 971
316 316 972 972
122 122 973 973
785 785 974 974
213 213 975 975
776 776 976 976
175 175 977 977
207 207 978 978
402 402 979 979
819 819 980 980
286 286 981 981
477 477 982 982
483 483 983 983
880 880 984 984
727 727 985 985
110 110 986 986
282 282 987 987
398 398 988 988
247 247 989 989
53 53 990 990
502 502 991 991
702 702 992 992
306 306 993 993
592 592 994 994
719 719 995 995
948 948 996 996
351 351 997 997
904 904 998 998
218 218 999 999
1000 1000 1000 1000
906 906 1 1
939 939 2 2
556 556 3 3
511 511 4 4
576 576 5 5
309 309 6 6
621 621 7 7
244 244 8 8
730 730 9 9
427 427 10 10
432 432 11 11
219 219 12 12
659 659 13 13
936 936 14 14
423 423 15 15
812 812 16 16
926 926 17 17
785 785 18 18
198 198 19 19
375 375 20 20
944 944 21 21
7 7 22 22
808 808 23 23
492 492 24 24
883 883 25 25
243 243 26 26
165 165 27 27
748 748 28 28
249 249 29 29
990 990 30 30
463 463 31 31
153 153 32 32
65 65 33 33
95 95 34 34
669 669 35 35
644 644 36 36
394 394 37 37
262 262 38 38
46 46 39 39
581 581 40 40
753 753 41 41
976 976 42 42
167 167 43 43
50 50 44 44
502 502 45 45
339 339 46 46
978 978 47 47
605 605 48 48
290 290 49 49
439 439 50 50
569 569 51 51
235 235 52 52
42 42 53 53
881 881 54 54
913 913 55 55
149 149 56 56
478 478 57 57
305 305 58 58
336 336 59 59
530 530 60 60
16 16 61 61
705 705 62 62
738 738 63 63
847 847 64 64
117 117 65 65
92 92 66 66
73 73 67 67
557 557 68 68
361 361 69 69
793 793 70 70
728 728 71 71
776 776 72 72
668 668 73 73
88 88 74 74
537 537 75 75
493 493 76 76
717 717 77 77
788 788 78 78
790 790 79 79
986 986 80 80
752 752 81 81
872 872 82 82
43 43 83 83
258 258 84 84
830 830 85 85
836 836 86 86
840 840 87 87
993 993 88 88
900 900 89 89
203 203 90 90
416 416 91 91
134 134 92 92
112 112 93 93
76 76 94 94
157 157 95 95
698 698 96 96
334 334 97 97
465 465 98 98
608 608 99 99
671 671 100 100
868 868 101 101
63 63 102 102
555 555 103 103
910 910 104 104
871 871 105 105
277 277 106 106
483 483 107 107
837 837 108 108
773 773 109 109
635 635 110 110
848 848 111 111
946 946 112 112
746 746 113 113
882 882 114 114
551 551 115 115
190 190 116 116
645 645 117 117
106 106 118 118
248 248 119 119
264 264 120 120
486 486 121 121
510 510 122 122
965 965 123 123
93 93 124 124
606 606 125 125
201 201 126 126
458 458 127 127
384 384 128 128
398 398 129 129
616 616 130 130
603 603 131 131
35 35 132 132
863 863 133 133
859 859 134 134
396 396 135 135
765 765 136 136
240 240 137 137
192 192 138 138
512 512 139 139
640 640 140 140
208 208 141 141
951 951 142 142
445 445 143 143
266 266 144 144
116 116 145 145
369 369 146 146
761 761 147 147
347 347 148 148
931 931 149 149
799 799 150 150
504 504 151 151
894 894 152 152
709 709 153 153
227 227 154 154
585 585 155 155
13 13 156 156
948 948 157 157
69 69 158 158
642 642 159 159
998 998 160 160
909 909 161 161
466 466 162 162
735 735 163 163
849 849 164 164
8 8 165 165
565 565 166 166
865 865 167 167
629 629 168 168
56 56 169 169
749 749 170 170
148 148 171 171
414 414 172 172
25 25 173 173
633 633 174 174
959 959 175 175
701 701 176 176
59 59 177 177
586 586 178 178
329 329 179 179
682 682 180 180
125 125 181 181
166 166 182 182
703 703 183 183
632 632 184 184
100 100 185 185
740 740 186 186
759 759 187 187
582 582 188 188
96 96 189 189
683 683 190 190
754 754 191 191
94 94 192 192
852 852 193 193
527 527 194 194
197 197 195 195
202 202 196 196
19 19 197 197
811 811 198 198
461 461 199 199
348 348 200 200
428 428 201 201
697 697 202 202
858 858 203 203
970 970 204 204
665 665 205 205
20 20 206 206
869 869 207 207
303 303 208 208
379 379 209 209
531 531 210 210
596 596 211 211
168 168 212 212
707 707 213 213
373 373 214 214
212 212 215 215
137 137 216 216
322 322 217 217
90 90 218 218
273 273 219 219
798 798 220 220
335 335 221 221
501 501 222 222
554 554 223 223
507 507 224 224
31 31 225 225
929 929 226 226
845 845 227 227
803 803 228 228
387 387 229 229
380 380 230 230
902 902 231 231
617 617 232 232
225 225 233 233
886 886 234 234
525 525 235 235
484 484 236 236
907 907 237 237
769 769 238 238
253 253 239 239
467 467 240 240
783 783 241 241
234 234 242 242
861 861 243 243
402 402 244 244
232 232 245 245
408 408 246 246
561 561 247 247
383 383 248 248
947 947 249 249
103 103 250 250
630 630 251 251
820 820 252 252
877 877 253 253
44 44 254 254
610 610 255 255
771 771 256 256
609 609 257 257
386 386 258 258
172 172 259 259
891 891 260 260
864 864 261 261
700 700 262 262
252 252 263 263
24 24 264 264
984 984 265 265
934 934 266 266
580 580 267 267
833 833 268 268
601 601 269 269
440 440 270 270
199 199 271 271
47 47 272 272
187 187 273 273
595 595 274 274
105 105 275 275
121 121 276 276
666 666 277 277
271 271 278 278
600 600 279 279
624 624 280 280
81 81 281 281
542 542 282 282
417 417 283 283
571 571 284 284
933 933 285 285
528 528 286 286
508 508 287 287
397 397 288 288
620 620 289 289
429 429 290 290
572 572 291 291
182 182 292 292
367 367 293 293
230 230 294 294
1000 1000 295 295
441 441 296 296
850 850 297 297
979 979 298 298
879 879 299 299
604 604 300 300
3 3 301 301
750 750 302 302
977 977 303 303
643 643 304 304
401 401 305 305
774 774 306 306
30 30 307 307
426 426 308 308
399 399 309 309
452 452 310 310
657 657 311 311
786 786 312 312
755 755 313 313
805 805 314 314
856 856 315 315
222 222 316 316
901 901 317 317
358 358 318 318
726 726 319 319
784 784 320 320
251 251 321 321
772 772 322 322
724 724 323 323
83 83 324 324
284 284 325 325
540 540 326 326
992 992 327 327
884 884 328 328
634 634 329 329
159 159 330 330
590 590 331 331
179 179 332 332
241 241 333 333
981 981 334 334
982 982 335 335
972 972 336 336
51 51 337 337
860 860 338 338
497 497 339 339
715 715 340 340
319 319 341 341
254 254 342 342
579 579 343 343
217 217 344 344
233 233 345 345
927 927 346 346
544 544 347 347
304 304 348 348
60 60 349 349
57 57 350 350
130 130 351 351
337 337 352 352
664 664 353 353
503 503 354 354
245 245 355 355
189 189 356 356
695 695 357 357
365 365 358 358
388 388 359 359
287 287 360 360
34 34 361 361
129 129 362 362
471 471 363 363
827 827 364 364
938 938 365 365
78 78 366 366
476 476 367 367
242 242 368 368
213 213 369 369
395 395 370 370
487 487 371 371
813 813 372 372
553 553 373 373
312 312 374 374
806 806 375 375
72 72 376 376
89 89 377 377
66 66 378 378
674 674 379 379
308 308 380 380
566 566 381 381
154 154 382 382
739 739 383 383
950 950 384 384
496 496 385 385
27 27 386 386
747 747 387 387
136 136 388 388
160 160 389 389
854 854 390 390
195 195 391 391
403 403 392 392
732 732 393 393
607 607 394 394
170 170 395 395
578 578 396 396
539 539 397 397
782 782 398 398
710 710 399 399
39 39 400 400
713 713 401 401
392 392 402 402
482 482 403 403
593 593 404 404
270 270 405 405
974 974 406 406
229 229 407 407
430 430 408 408
238 238 409 409
470 470 410 410
831 831 411 411
343 343 412 412
41 41 413 413
838 838 414 414
517 517 415 415
415 415 416 416
256 256 417 417
583 583 418 418
15 15 419 419
385 385 420 420
158 158 421 421
687 687 422 422
128 128 423 423
712 712 424 424
660 660 425 425
265 265 426 426
826 826 427 427
839 839 428 428
727 727 429 429
885 885 430 430
547 547 431 431
477 477 432 432
791 791 433 433
480 480 434 434
921 921 435 435
424 424 436 436
874 874 437 437
316 316 438 438
421 421 439 439
916 916 440 440
490 490 441 441
641 641 442 442
928 928 443 443
498 498 444 444
54 54 445 445
332 332 446 446
282 282 447 447
26 26 448 448
378 378 449 449
744 744 450 450
767 767 451 451
293 293 452 452
324 324 453 453
33 33 454 454
763 763 455 455
800 800 456 456
433 433 457 457
918 918 458 458
491 491 459 459
889 889 460 460
146 146 461 461
818 818 462 462
300 300 463 463
795 795 464 464
797 797 465 465
14 14 466 466
231 231 467 467
355 355 468 468
920 920 469 469
573 573 470 470
446 446 471 471
48 48 472 472
835 835 473 473
313 313 474 474
272 272 475 475
326 326 476 476
447 447 477 477
372 372 478 478
873 873 479 479
360 360 480 480
320 320 481 481
200 200 482 482
364 364 483 483
562 562 484 484
999 999 485 485
345 345 486 486
104 104 487 487
636 636 488 488
807 807 489 489
368 368 490 490
522 522 491 491
412 412 492 492
299 299 493 493
937 937 494 494
145 145 495 495
286 286 496 496
841 841 497 497
890 890 498 498
246 246 499 499
694 694 500 500
673 673 501 501
85 85 502 502
538 538 503 503
552 552 504 504
120 120 505 505
940 940 506 506
151 151 507 507
789 789 508 508
70 70 509 509
210 210 510 510
908 908 511 511
816 816 512 512
520 520 513 513
419 419 514 514
597 597 515 515
431 431 516 516
58 58 517 517
638 638 518 518
185 185 519 519
285 285 520 520
614 614 521 521
612 612 522 522
263 263 523 523
678 678 524 524
622 622 525 525
667 667 526 526
169 169 527 527
672 672 528 528
922 922 529 529
152 152 530 530
505 505 531 531
317 317 532 532
953 953 533 533
354 354 534 534
964 964 535 535
344 344 536 536
822 822 537 537
450 450 538 538
409 409 539 539
349 349 540 540
914 914 541 541
723 723 542 542
451 451 543 543
867 867 544 544
176 176 545 545
45 45 546 546
75 75 547 547
362 362 548 548
654 654 549 549
139 139 550 550
592 592 551 551
743 743 552 552
218 218 553 553
898 898 554 554
318 318 555 555
577 577 556 556
279 279 557 557
353 353 558 558
954 954 559 559
969 969 560 560
878 878 561 561
371 371 562 562
455 455 563 563
935 935 564 564
655 655 565 565
532 532 566 566
829 829 567 567
957 957 568 568
267 267 569 569
36 36 570 570
745 745 571 571
49 49 572 572
989 989 573 573
86 86 574 574
756 756 575 575
126 126 576 576
777 777 577 577
711 711 578 578
453 453 579 579
690 690 580 580
518 518 581 581
247 247 582 582
250 250 583 583
307 307 584 584
55 55 585 585
292 292 586 586
768 768 587 587
895 895 588 588
688 688 589 589
649 649 590 590
550 550 591 591
652 652 592 592
147 147 593 593
298 298 594 594
787 787 595 595
156 156 596 596
175 175 597 597
404 404 598 598
876 876 599 599
541 541 600 600
363 363 601 601
843 843 602 602
113 113 603 603
184 184 604 604
704 704 605 605
796 796 606 606
949 949 607 607
359 359 608 608
178 178 609 609
323 323 610 610
289 289 611 611
952 952 612 612
382 382 613 613
897 897 614 614
888 888 615 615
370 370 616 616
122 122 617 617
733 733 618 618
38 38 619 619
677 677 620 620
742 742 621 621
442 442 622 622
479 479 623 623
155 155 624 624
209 209 625 625
681 681 626 626
211 211 627 627
488 488 628 628
276 276 629 629
546 546 630 630
661 661 631 631
851 851 632 632
11 11 633 633
764 764 634 634
543 543 635 635
481 481 636 636
702 702 637 637
623 623 638 638
563 563 639 639
435 435 640 640
758 758 641 641
684 684 642 642
400 400 643 643
814 814 644 644
374 374 645 645
598 598 646 646
567 567 647 647
274 274 648 648
150 150 649 649
474 474 650 650
819 819 651 651
102 102 652 652
893 893 653 653
171 171 654 654
751 751 655 655
456 456 656 656
526 526 657 657
757 757 658 658
237 237 659 659
459 459 660 660
260 260 661 661
699 699 662 662
842 842 663 663
132 132 664 664
941 941 665 665
499 499 666 666
87 87 667 667
997 997 668 668
521 521 669 669
196 196 670 670
418 418 671 671
74 74 672 672
346 346 673 673
193 193 674 674
114 114 675 675
115 115 676 676
342 342 677 677
366 366 678 678
181 181 679 679
696 696 680 680
283 283 681 681
485 485 682 682
560 560 683 683
956 956 684 684
425 425 685 685
52 52 686 686
962 962 687 687
448 448 688 688
599 599 689 689
760 760 690 690
693 693 691 691
719 719 692 692
495 495 693 693
278 278 694 694
330 330 695 695
587 587 696 696
123 123 697 697
207 207 698 698
142 142 699 699
685 685 700 700
288 288 701 701
301 301 702 702
736 736 703 703
475 475 704 704
519 519 705 705
708 708 706 706
391 391 707 707
98 98 708 708
966 966 709 709
494 494 710 710
216 216 711 711
101 101 712 712
144 144 713 713
22 22 714 714
821 821 715 715
420 420 716 716
259 259 717 717
21 21 718 718
536 536 719 719
28 28 720 720
983 983 721 721
516 516 722 722
988 988 723 723
489 489 724 724
2 2 725 725
980 980 726 726
995 995 727 727
500 500 728 728
32 32 729 729
268 268 730 730
961 961 731 731
780 780 732 732
963 963 733 733
558 558 734 734
261 261 735 735
810 810 736 736
236 236 737 737
180 180 738 738
896 896 739 739
857 857 740 740
12 12 741 741
473 473 742 742
513 513 743 743
925 925 744 744
107 107 745 745
143 143 746 746
91 91 747 747
188 188 748 748
534 534 749 749
127 127 750 750
377 377 751 751
161 161 752 752
846 846 753 753
903 903 754 754
291 291 755 755
794 794 756 756
631 631 757 757
281 281 758 758
529 529 759 759
718 718 760 760
405 405 761 761
410 410 762 762
647 647 763 763
162 162 764 764
191 191 765 765
140 140 766 766
832 832 767 767
280 280 768 768
628 628 769 769
406 406 770 770
205 205 771 771
340 340 772 772
224 224 773 773
535 535 774 774
828 828 775 775
915 915 776 776
737 737 777 777
460 460 778 778
960 960 779 779
4 4 780 780
844 844 781 781
135 135 782 782
71 71 783 783
594 594 784 784
457 457 785 785
686 686 786 786
722 722 787 787
575 575 788 788
472 472 789 789
413 413 790 790
514 514 791 791
295 295 792 792
725 725 793 793
18 18 794 794
706 706 795 795
220 220 796 796
515 515 797 797
133 133 798 798
968 968 799 799
296 296 800 800
862 862 801 801
306 306 802 802
111 111 803 803
173 173 804 804
762 762 805 805
523 523 806 806
809 809 807 807
824 824 808 808
779 779 809 809
110 110 810 810
729 729 811 811
801 801 812 812
792 792 813 813
770 770 814 814
943 943 815 815
905 905 816 816
226 226 817 817
509 509 818 818
469 469 819 819
658 658 820 820
23 23 821 821
239 239 822 822
215 215 823 823
887 887 824 824
802 802 825 825
454 454 826 826
6 6 827 827
648 648 828 828
778 778 829 829
825 825 830 830
17 17 831 831
376 376 832 832
333 333 833 833
118 118 834 834
269 269 835 835
714 714 836 836
79 79 837 837
670 670 838 838
356 356 839 839
892 892 840 840
875 875 841 841
321 321 842 842
834 834 843 843
568 568 844 844
10 10 845 845
870 870 846 846
662 662 847 847
853 853 848 848
533 533 849 849
462 462 850 850
449 449 851 851
84 84 852 852
559 559 853 853
731 731 854 854
77 77 855 855
615 615 856 856
524 524 857 857
124 124 858 858
468 468 859 859
650 650 860 860
327 327 861 861
328 328 862 862
656 656 863 863
109 109 864 864
734 734 865 865
221 221 866 866
924 924 867 867
584 584 868 868
588 588 869 869
389 389 870 870
626 626 871 871
917 917 872 872
548 548 873 873
880 880 874 874
613 613 875 875
255 255 876 876
804 804 877 877
564 564 878 878
574 574 879 879
996 996 880 880
987 987 881 881
994 994 882 882
653 653 883 883
639 639 884 884
823 823 885 885
464 464 886 886
97 97 887 887
815 815 888 888
775 775 889 889
646 646 890 890
5 5 891 891
177 177 892 892
692 692 893 893
350 350 894 894
991 991 895 895
721 721 896 896
108 108 897 897
591 591 898 898
310 310 899 899
186 186 900 900
955 955 901 901
817 817 902 902
942 942 903 903
341 341 904 904
297 297 905 905
680 680 906 906
80 80 907 907
183 183 908 908
138 138 909 909
437 437 910 910
275 275 911 911
381 381 912 912
611 611 913 913
174 174 914 914
945 945 915 915
912 912 916 916
67 67 917 917
570 570 918 918
351 351 919 919
973 973 920 920
720 720 921 921
627 627 922 922
194 194 923 923
911 911 924 924
331 331 925 925
625 625 926 926
958 958 927 927
29 29 928 928
971 971 929 929
214 214 930 930
393 393 931 931
904 904 932 932
506 506 933 933
899 899 934 934
40 40 935 935
549 549 936 936
62 62 937 937
206 206 938 938
855 855 939 939
82 82 940 940
68 68 941 941
985 985 942 942
716 716 943 943
679 679 944 944
766 766 945 945
443 443 946 946
314 314 947 947
119 119 948 948
141 141 949 949
422 422 950 950
651 651 951 951
438 438 952 952
131 131 953 953
691 691 954 954
675 675 955 955
781 781 956 956
228 228 957 957
919 919 958 958
37 37 959 959
407 407 960 960
589 589 961 961
930 930 962 962
204 204 963 963
64 64 964 964
741 741 965 965
866 866 966 966
411 411 967 967
223 223 968 968
967 967 969 969
99 99 970 970
9 9 971 971
338 338 972 972
545 545 973 973
434 434 974 974
444 444 975 975
689 689 976 976
164 164 977 977
637 637 978 978
932 932 979 979
53 53 980 980
257 257 981 981
619 619 982 982
390 390 983 983
163 163 984 984
663 663 985 985
302 302 986 986
311 311 987 987
436 436 988 988
923 923 989 989
315 315 990 990
975 975 991 991
357 357 992 992
325 325 993 993
352 352 994 994
294 294 995 995
676 676 996 996
61 61 997 997
618 618 998 998
602 602 999 999
0 0 1000 1000
