1000
807 807 1 1
135 135 2 2
640 640 3 3
298 298 4 4
769 769 5 5
386 386 6 6
686 686 7 7
692 692 8 8
738 738 9 9
164 164 10 10
555 555 11 11
294 294 12 12
9 9 13 13
8 8 14 14
909 909 15 15
59 59 16 16
421 421 17 17
410 410 18 18
303 303 19 19
141 141 20 20
898 898 21 21
311 311 22 22
195 195 23 23
933 933 24 24
26 26 25 25
318 318 26 26
628 628 27 27
937 937 28 28
503 503 29 29
25 25 30 30
999 999 31 31
463 463 32 32
884 884 33 33
335 335 34 34
526 526 35 35
702 702 36 36
233 233 37 37
706 706 38 38
151 151 39 39
242 242 40 40
609 609 41 41
430 430 42 42
775 775 43 43
404 404 44 44
725 725 45 45
361 361 46 46
749 749 47 47
377 377 48 48
532 532 49 49
474 474 50 50
23 23 51 51
883 883 52 52
825 825 53 53
870 870 54 54
269 269 55 55
591 591 56 56
723 723 57 57
830 830 58 58
5 5 59 59
681 681 60 60
961 961 61 61
513 513 62 62
746 746 63 63
958 958 64 64
338 338 65 65
801 801 66 66
414 414 67 67
598 598 68 68
383 383 69 69
987 987 70 70
43 43 71 71
315 315 72 72
966 966 73 73
376 376 74 74
701 701 75 75
849 849 76 76
590 590 77 77
54 54 78 78
649 649 79 79
664 664 80 80
525 525 81 81
917 917 82 82
152 152 83 83
276 276 84 84
824 824 85 85
105 105 86 86
388 388 87 87
953 953 88 88
717 717 89 89
172 172 90 90
842 842 91 91
767 767 92 92
187 187 93 93
858 858 94 94
619 619 95 95
260 260 96 96
42 42 97 97
899 899 98 98
660 660 99 99
913 913 100 100
77 77 101 101
945 945 102 102
97 97 103 103
380 380 104 104
964 964 105 105
657 657 106 106
39 39 107 107
568 568 108 108
38 38 109 109
583 583 110 110
320 320 111 111
882 882 112 112
3 3 113 113
249 249 114 114
317 317 115 115
411 411 116 116
356 356 117 117
984 984 118 118
92 92 119 119
794 794 120 120
117 117 121 121
822 822 122 122
602 602 123 123
147 147 124 124
667 667 125 125
171 171 126 126
860 860 127 127
247 247 128 128
438 438 129 129
148 148 130 130
557 557 131 131
986 986 132 132
261 261 133 133
614 614 134 134
633 633 135 135
900 900 136 136
745 745 137 137
45 45 138 138
35 35 139 139
684 684 140 140
178 178 141 141
914 914 142 142
34 34 143 143
993 993 144 144
809 809 145 145
346 346 146 146
676 676 147 147
48 48 148 148
691 691 149 149
588 588 150 150
797 797 151 151
231 231 152 152
304 304 153 153
175 175 154 154
417 417 155 155
271 271 156 156
106 106 157 157
922 922 158 158
405 405 159 159
604 604 160 160
876 876 161 161
1000 1000 162 162
766 766 163 163
153 153 164 164
521 521 165 165
630 630 166 166
186 186 167 167
645 645 168 168
978 978 169 169
272 272 170 170
329 329 171 171
385 385 172 172
391 391 173 173
576 576 174 174
253 253 175 175
496 496 176 176
191 191 177 177
224 224 178 178
431 431 179 179
832 832 180 180
841 841 181 181
63 63 182 182
74 74 183 183
246 246 184 184
527 527 185 185
90 90 186 186
639 639 187 187
343 343 188 188
181 181 189 189
479 479 190 190
115 115 191 191
644 644 192 192
136 136 193 193
107 107 194 194
736 736 195 195
227 227 196 196
881 881 197 197
926 926 198 198
872 872 199 199
562 562 200 200
857 857 201 201
631 631 202 202
427 427 203 203
587 587 204 204
981 981 205 205
690 690 206 206
462 462 207 207
255 255 208 208
828 828 209 209
301 301 210 210
14 14 211 211
747 747 212 212
81 81 213 213
66 66 214 214
533 533 215 215
778 778 216 216
10 10 217 217
336 336 218 218
565 565 219 219
956 956 220 220
372 372 221 221
658 658 222 222
674 674 223 223
211 211 224 224
761 761 225 225
560 560 226 226
916 916 227 227
524 524 228 228
838 838 229 229
95 95 230 230
549 549 231 231
834 834 232 232
78 78 233 233
907 907 234 234
424 424 235 235
407 407 236 236
319 319 237 237
558 558 238 238
370 370 239 239
144 144 240 240
946 946 241 241
130 130 242 242
722 722 243 243
110 110 244 244
887 887 245 245
188 188 246 246
286 286 247 247
339 339 248 248
314 314 249 249
196 196 250 250
481 481 251 251
36 36 252 252
813 813 253 253
920 920 254 254
893 893 255 255
908 908 256 256
729 729 257 257
610 610 258 258
270 270 259 259
968 968 260 260
16 16 261 261
355 355 262 262
535 535 263 263
375 375 264 264
577 577 265 265
221 221 266 266
180 180 267 267
49 49 268 268
446 446 269 269
344 344 270 270
331 331 271 271
837 837 272 272
697 697 273 273
257 257 274 274
489 489 275 275
96 96 276 276
516 516 277 277
783 783 278 278
955 955 279 279
51 51 280 280
886 886 281 281
498 498 282 282
776 776 283 283
622 622 284 284
996 996 285 285
324 324 286 286
894 894 287 287
617 617 288 288
116 116 289 289
295 295 290 290
816 816 291 291
192 192 292 292
268 268 293 293
210 210 294 294
923 923 295 295
940 940 296 296
352 352 297 297
836 836 298 298
904 904 299 299
334 334 300 300
282 282 301 301
918 918 302 302
351 351 303 303
127 127 304 304
436 436 305 305
851 851 306 306
818 818 307 307
584 584 308 308
235 235 309 309
991 991 310 310
732 732 311 311
814 814 312 312
504 504 313 313
930 930 314 314
52 52 315 315
465 465 316 316
897 897 317 317
200 200 318 318
240 240 319 319
656 656 320 320
512 512 321 321
944 944 322 322
988 988 323 323
569 569 324 324
288 288 325 325
182 182 326 326
935 935 327 327
160 160 328 328
112 112 329 329
471 471 330 330
433 433 331 331
625 625 332 332
143 143 333 333
307 307 334 334
744 744 335 335
88 88 336 336
780 780 337 337
758 758 338 338
752 752 339 339
342 342 340 340
150 150 341 341
756 756 342 342
782 782 343 343
545 545 344 344
672 672 345 345
654 654 346 346
835 835 347 347
735 735 348 348
456 456 349 349
245 245 350 350
499 499 351 351
950 950 352 352
727 727 353 353
730 730 354 354
715 715 355 355
949 949 356 356
312 312 357 357
11 11 358 358
507 507 359 359
228 228 360 360
976 976 361 361
488 488 362 362
134 134 363 363
819 819 364 364
593 593 365 365
901 901 366 366
506 506 367 367
19 19 368 368
952 952 369 369
969 969 370 370
962 962 371 371
323 323 372 372
540 540 373 373
951 951 374 374
714 714 375 375
212 212 376 376
864 864 377 377
432 432 378 378
325 325 379 379
100 100 380 380
199 199 381 381
133 133 382 382
138 138 383 383
278 278 384 384
618 618 385 385
360 360 386 386
915 915 387 387
353 353 388 388
592 592 389 389
394 394 390 390
357 357 391 391
768 768 392 392
561 561 393 393
931 931 394 394
878 878 395 395
515 515 396 396
128 128 397 397
921 921 398 398
974 974 399 399
980 980 400 400
491 491 401 401
721 721 402 402
460 460 403 403
941 941 404 404
677 677 405 405
995 995 406 406
739 739 407 407
829 829 408 408
572 572 409 409
330 330 410 410
666 666 411 411
573 573 412 412
700 700 413 413
216 216 414 414
451 451 415 415
597 597 416 416
889 889 417 417
425 425 418 418
251 251 419 419
855 855 420 420
495 495 421 421
772 772 422 422
925 925 423 423
989 989 424 424
118 118 425 425
518 518 426 426
234 234 427 427
967 967 428 428
275 275 429 429
24 24 430 430
162 162 431 431
659 659 432 432
929 929 433 433
742 742 434 434
94 94 435 435
321 321 436 436
570 570 437 437
642 642 438 438
875 875 439 439
194 194 440 440
879 879 441 441
680 680 442 442
482 482 443 443
47 47 444 444
530 530 445 445
927 927 446 446
906 906 447 447
487 487 448 448
299 299 449 449
173 173 450 450
219 219 451 451
791 791 452 452
358 358 453 453
302 302 454 454
101 101 455 455
833 833 456 456
850 850 457 457
544 544 458 458
871 871 459 459
155 155 460 460
777 777 461 461
174 174 462 462
214 214 463 463
274 274 464 464
161 161 465 465
754 754 466 466
629 629 467 467
359 359 468 468
387 387 469 469
132 132 470 470
166 166 471 471
120 120 472 472
539 539 473 473
399 399 474 474
408 408 475 475
646 646 476 476
751 751 477 477
528 528 478 478
467 467 479 479
764 764 480 480
793 793 481 481
508 508 482 482
708 708 483 483
743 743 484 484
445 445 485 485
146 146 486 486
89 89 487 487
183 183 488 488
705 705 489 489
434 434 490 490
994 994 491 491
582 582 492 492
254 254 493 493
28 28 494 494
230 230 495 495
653 653 496 496
349 349 497 497
895 895 498 498
206 206 499 499
542 542 500 500
86 86 501 501
578 578 502 502
149 149 503 503
266 266 504 504
7 7 505 505
699 699 506 506
728 728 507 507
790 790 508 508
547 547 509 509
673 673 510 510
322 322 511 511
486 486 512 512
281 281 513 513
308 308 514 514
2 2 515 515
669 669 516 516
877 877 517 517
56 56 518 518
500 500 519 519
606 606 520 520
912 912 521 521
934 934 522 522
53 53 523 523
32 32 524 524
422 422 525 525
662 662 526 526
142 142 527 527
279 279 528 528
218 218 529 529
58 58 530 530
601 601 531 531
854 854 532 532
520 520 533 533
393 393 534 534
70 70 535 535
415 415 536 536
229 229 537 537
435 435 538 538
40 40 539 539
651 651 540 540
347 347 541 541
277 277 542 542
363 363 543 543
848 848 544 544
239 239 545 545
437 437 546 546
571 571 547 547
948 948 548 548
811 811 549 549
594 594 550 550
493 493 551 551
179 179 552 552
670 670 553 553
839 839 554 554
947 947 555 555
306 306 556 556
291 291 557 557
668 668 558 558
687 687 559 559
443 443 560 560
406 406 561 561
682 682 562 562
156 156 563 563
259 259 564 564
129 129 565 565
501 501 566 566
213 213 567 567
716 716 568 568
559 559 569 569
441 441 570 570
442 442 571 571
586 586 572 572
453 453 573 573
447 447 574 574
429 429 575 575
6 6 576 576
400 400 577 577
852 852 578 578
285 285 579 579
61 61 580 580
621 621 581 581
345 345 582 582
607 607 583 583
773 773 584 584
502 502 585 585
46 46 586 586
511 511 587 587
289 289 588 588
522 522 589 589
87 87 590 590
22 22 591 591
265 265 592 592
384 384 593 593
409 409 594 594
423 423 595 595
378 378 596 596
531 531 597 597
390 390 598 598
413 413 599 599
804 804 600 600
844 844 601 601
957 957 602 602
365 365 603 603
826 826 604 604
903 903 605 605
250 250 606 606
734 734 607 607
510 510 608 608
416 416 609 609
73 73 610 610
140 140 611 611
33 33 612 612
492 492 613 613
683 683 614 614
300 300 615 615
419 419 616 616
309 309 617 617
632 632 618 618
367 367 619 619
997 997 620 620
943 943 621 621
796 796 622 622
648 648 623 623
843 843 624 624
41 41 625 625
313 313 626 626
223 223 627 627
678 678 628 628
197 197 629 629
821 821 630 630
973 973 631 631
68 68 632 632
718 718 633 633
333 333 634 634
971 971 635 635
802 802 636 636
983 983 637 637
64 64 638 638
364 364 639 639
563 563 640 640
517 517 641 641
637 637 642 642
222 222 643 643
458 458 644 644
362 362 645 645
189 189 646 646
403 403 647 647
552 552 648 648
865 865 649 649
366 366 650 650
932 932 651 651
121 121 652 652
740 740 653 653
466 466 654 654
262 262 655 655
98 98 656 656
379 379 657 657
145 145 658 658
799 799 659 659
305 305 660 660
284 284 661 661
203 203 662 662
789 789 663 663
534 534 664 664
485 485 665 665
29 29 666 666
972 972 667 667
452 452 668 668
641 641 669 669
475 475 670 670
781 781 671 671
397 397 672 672
190 190 673 673
554 554 674 674
21 21 675 675
546 546 676 676
846 846 677 677
468 468 678 678
99 99 679 679
695 695 680 680
258 258 681 681
755 755 682 682
4 4 683 683
652 652 684 684
808 808 685 685
280 280 686 686
910 910 687 687
12 12 688 688
613 613 689 689
168 168 690 690
985 985 691 691
954 954 692 692
589 589 693 693
720 720 694 694
711 711 695 695
459 459 696 696
505 505 697 697
176 176 698 698
256 256 699 699
541 541 700 700
862 862 701 701
123 123 702 702
580 580 703 703
201 201 704 704
840 840 705 705
942 942 706 706
869 869 707 707
650 650 708 708
810 810 709 709
698 698 710 710
205 205 711 711
267 267 712 712
455 455 713 713
263 263 714 714
44 44 715 715
675 675 716 716
856 856 717 717
72 72 718 718
608 608 719 719
326 326 720 720
538 538 721 721
965 965 722 722
693 693 723 723
990 990 724 724
643 643 725 725
457 457 726 726
402 402 727 727
928 928 728 728
37 37 729 729
963 963 730 730
800 800 731 731
332 332 732 732
853 853 733 733
297 297 734 734
71 71 735 735
158 158 736 736
337 337 737 737
75 75 738 738
382 382 739 739
165 165 740 740
469 469 741 741
713 713 742 742
389 389 743 743
688 688 744 744
553 553 745 745
350 350 746 746
420 420 747 747
31 31 748 748
109 109 749 749
13 13 750 750
975 975 751 751
209 209 752 752
820 820 753 753
440 440 754 754
241 241 755 755
757 757 756 756
374 374 757 757
79 79 758 758
574 574 759 759
765 765 760 760
774 774 761 761
193 193 762 762
792 792 763 763
449 449 764 764
567 567 765 765
412 412 766 766
76 76 767 767
248 248 768 768
982 982 769 769
605 605 770 770
50 50 771 771
661 661 772 772
770 770 773 773
83 83 774 774
185 185 775 775
798 798 776 776
847 847 777 777
464 464 778 778
868 868 779 779
795 795 780 780
448 448 781 781
126 126 782 782
60 60 783 783
418 418 784 784
992 992 785 785
483 483 786 786
119 119 787 787
638 638 788 788
293 293 789 789
805 805 790 790
340 340 791 791
125 125 792 792
519 519 793 793
368 368 794 794
859 859 795 795
202 202 796 796
184 184 797 797
401 401 798 798
960 960 799 799
704 704 800 800
827 827 801 801
243 243 802 802
91 91 803 803
623 623 804 804
398 398 805 805
494 494 806 806
167 167 807 807
238 238 808 808
80 80 809 809
726 726 810 810
292 292 811 811
131 131 812 812
599 599 813 813
287 287 814 814
959 959 815 815
786 786 816 816
863 863 817 817
548 548 818 818
252 252 819 819
392 392 820 820
556 556 821 821
902 902 822 822
812 812 823 823
217 217 824 824
977 977 825 825
310 310 826 826
18 18 827 827
731 731 828 828
264 264 829 829
787 787 830 830
170 170 831 831
566 566 832 832
327 327 833 833
694 694 834 834
220 220 835 835
823 823 836 836
596 596 837 837
626 626 838 838
760 760 839 839
861 861 840 840
624 624 841 841
461 461 842 842
17 17 843 843
615 615 844 844
204 204 845 845
102 102 846 846
236 236 847 847
815 815 848 848
603 603 849 849
15 15 850 850
490 490 851 851
733 733 852 852
290 290 853 853
564 564 854 854
712 712 855 855
647 647 856 856
551 551 857 857
710 710 858 858
476 476 859 859
169 169 860 860
198 198 861 861
396 396 862 862
177 177 863 863
719 719 864 864
579 579 865 865
114 114 866 866
936 936 867 867
104 104 868 868
454 454 869 869
741 741 870 870
890 890 871 871
885 885 872 872
703 703 873 873
395 395 874 874
428 428 875 875
273 273 876 876
636 636 877 877
620 620 878 878
911 911 879 879
523 523 880 880
979 979 881 881
477 477 882 882
634 634 883 883
84 84 884 884
137 137 885 885
905 905 886 886
470 470 887 887
478 478 888 888
62 62 889 889
348 348 890 890
696 696 891 891
998 998 892 892
873 873 893 893
575 575 894 894
616 616 895 895
514 514 896 896
762 762 897 897
69 69 898 898
595 595 899 899
880 880 900 900
450 450 901 901
536 536 902 902
226 226 903 903
244 244 904 904
154 154 905 905
473 473 906 906
207 207 907 907
748 748 908 908
296 296 909 909
354 354 910 910
439 439 911 911
124 124 912 912
806 806 913 913
55 55 914 914
663 663 915 915
373 373 916 916
737 737 917 917
779 779 918 918
866 866 919 919
924 924 920 920
509 509 921 921
381 381 922 922
874 874 923 923
867 867 924 924
159 159 925 925
480 480 926 926
679 679 927 927
30 30 928 928
970 970 929 929
627 627 930 930
225 225 931 931
85 85 932 932
784 784 933 933
831 831 934 934
803 803 935 935
759 759 936 936
537 537 937 937
103 103 938 938
665 665 939 939
27 27 940 940
891 891 941 941
237 237 942 942
316 316 943 943
157 157 944 944
585 585 945 945
671 671 946 946
689 689 947 947
724 724 948 948
817 817 949 949
111 111 950 950
763 763 951 951
283 283 952 952
371 371 953 953
845 845 954 954
529 529 955 955
888 888 956 956
215 215 957 957
543 543 958 958
484 484 959 959
208 208 960 960
139 139 961 961
896 896 962 962
685 685 963 963
611 611 964 964
341 341 965 965
444 444 966 966
655 655 967 967
82 82 968 968
20 20 969 969
232 232 970 970
426 426 971 971
788 788 972 972
939 939 973 973
919 919 974 974
108 108 975 975
113 113 976 976
328 328 977 977
938 938 978 978
635 635 979 979
612 612 980 980
122 122 981 981
892 892 982 982
65 65 983 983
753 753 984 984
709 709 985 985
163 163 986 986
600 600 987 987
369 369 988 988
93 93 989 989
472 472 990 990
550 550 991 991
57 57 992 992
497 497 993 993
771 771 994 994
707 707 995 995
581 581 996 996
785 785 997 997
750 750 998 998
67 67 999 999
0 0 1000 1000
557 557 1 1
439 439 2 2
255 255 3 3
410 410 4 4
778 778 5 5
993 993 6 6
267 267 7 7
738 738 8 8
185 185 9 9
817 817 10 10
325 325 11 11
634 634 12 12
839 839 13 13
642 642 14 14
401 401 15 15
177 177 16 16
614 614 17 17
291 291 18 18
42 42 19 19
31 31 20 20
550 550 21 21
609 609 22 22
936 936 23 23
101 101 24 24
694 694 25 25
194 194 26 26
400 400 27 27
578 578 28 28
38 38 29 29
170 170 30 30
405 405 31 31
165 165 32 32
685 685 33 33
964 964 34 34
124 124 35 35
469 469 36 36
670 670 37 37
378 378 38 38
791 791 39 39
988 988 40 40
758 758 41 41
512 512 42 42
803 803 43 43
442 442 44 44
113 113 45 45
146 146 46 46
748 748 47 47
827 827 48 48
481 481 49 49
470 470 50 50
800 800 51 51
724 724 52 52
845 845 53 53
736 736 54 54
728 728 55 55
305 305 56 56
786 786 57 57
474 474 58 58
206 206 59 59
731 731 60 60
270 270 61 61
301 301 62 62
254 254 63 63
262 262 64 64
766 766 65 65
531 531 66 66
846 846 67 67
22 22 68 68
814 814 69 69
985 985 70 70
306 306 71 71
363 363 72 72
440 440 73 73
503 503 74 74
486 486 75 75
130 130 76 76
169 169 77 77
413 413 78 78
835 835 79 79
561 561 80 80
133 133 81 81
690 690 82 82
910 910 83 83
591 591 84 84
200 200 85 85
376 376 86 86
737 737 87 87
454 454 88 88
729 729 89 89
852 852 90 90
746 746 91 91
239 239 92 92
891 891 93 93
468 468 94 94
448 448 95 95
720 720 96 96
122 122 97 97
602 602 98 98
628 628 99 99
978 978 100 100
123 123 101 101
861 861 102 102
191 191 103 103
425 425 104 104
734 734 105 105
445 445 106 106
820 820 107 107
355 355 108 108
178 178 109 109
842 842 110 110
27 27 111 111
21 21 112 112
109 109 113 113
903 903 114 114
396 396 115 115
233 233 116 116
946 946 117 117
843 843 118 118
682 682 119 119
583 583 120 120
302 302 121 121
508 508 122 122
638 638 123 123
202 202 124 124
359 359 125 125
592 592 126 126
890 890 127 127
453 453 128 128
974 974 129 129
90 90 130 130
75 75 131 131
346 346 132 132
367 367 133 133
788 788 134 134
430 430 135 135
43 43 136 136
995 995 137 137
144 144 138 138
392 392 139 139
992 992 140 140
384 384 141 141
57 57 142 142
653 653 143 143
44 44 144 144
204 204 145 145
707 707 146 146
704 704 147 147
606 606 148 148
909 909 149 149
466 466 150 150
554 554 151 151
150 150 152 152
354 354 153 153
849 849 154 154
600 600 155 155
228 228 156 156
660 660 157 157
575 575 158 158
692 692 159 159
679 679 160 160
919 919 161 161
62 62 162 162
372 372 163 163
801 801 164 164
49 49 165 165
739 739 166 166
542 542 167 167
990 990 168 168
118 118 169 169
266 266 170 170
782 782 171 171
973 973 172 172
902 902 173 173
595 595 174 174
616 616 175 175
675 675 176 176
918 918 177 177
153 153 178 178
722 722 179 179
622 622 180 180
760 760 181 181
397 397 182 182
784 784 183 183
940 940 184 184
91 91 185 185
703 703 186 186
188 188 187 187
246 246 188 188
880 880 189 189
32 32 190 190
957 957 191 191
244 244 192 192
296 296 193 193
555 555 194 194
764 764 195 195
84 84 196 196
898 898 197 197
252 252 198 198
934 934 199 199
334 334 200 200
770 770 201 201
451 451 202 202
853 853 203 203
98 98 204 204
948 948 205 205
10 10 206 206
567 567 207 207
226 226 208 208
837 837 209 209
217 217 210 210
526 526 211 211
666 666 212 212
949 949 213 213
516 516 214 214
115 115 215 215
823 823 216 216
693 693 217 217
527 527 218 218
323 323 219 219
348 348 220 220
78 78 221 221
603 603 222 222
866 866 223 223
864 864 224 224
643 643 225 225
247 247 226 226
514 514 227 227
292 292 228 228
762 762 229 229
928 928 230 230
950 950 231 231
911 911 232 232
970 970 233 233
230 230 234 234
126 126 235 235
716 716 236 236
582 582 237 237
699 699 238 238
46 46 239 239
60 60 240 240
519 519 241 241
511 511 242 242
657 657 243 243
533 533 244 244
725 725 245 245
20 20 246 246
39 39 247 247
696 696 248 248
419 419 249 249
76 76 250 250
649 649 251 251
120 120 252 252
455 455 253 253
324 324 254 254
750 750 255 255
796 796 256 256
611 611 257 257
351 351 258 258
537 537 259 259
538 538 260 260
275 275 261 261
342 342 262 262
74 74 263 263
73 73 264 264
921 921 265 265
221 221 266 266
795 795 267 267
288 288 268 268
510 510 269 269
128 128 270 270
598 598 271 271
339 339 272 272
434 434 273 273
341 341 274 274
544 544 275 275
658 658 276 276
502 502 277 277
131 131 278 278
365 365 279 279
719 719 280 280
631 631 281 281
149 149 282 282
198 198 283 283
984 984 284 284
402 402 285 285
125 125 286 286
859 859 287 287
71 71 288 288
826 826 289 289
706 706 290 290
818 818 291 291
813 813 292 292
494 494 293 293
580 580 294 294
925 925 295 295
461 461 296 296
573 573 297 297
77 77 298 298
590 590 299 299
710 710 300 300
854 854 301 301
655 655 302 302
484 484 303 303
155 155 304 304
723 723 305 305
65 65 306 306
517 517 307 307
920 920 308 308
695 695 309 309
110 110 310 310
943 943 311 311
369 369 312 312
157 157 313 313
741 741 314 314
34 34 315 315
245 245 316 316
821 821 317 317
648 648 318 318
33 33 319 319
775 775 320 320
121 121 321 321
258 258 322 322
781 781 323 323
765 765 324 324
340 340 325 325
437 437 326 326
873 873 327 327
119 119 328 328
735 735 329 329
867 867 330 330
668 668 331 331
680 680 332 332
987 987 333 333
61 61 334 334
983 983 335 335
251 251 336 336
663 663 337 337
745 745 338 338
681 681 339 339
212 212 340 340
462 462 341 341
560 560 342 342
929 929 343 343
498 498 344 344
58 58 345 345
183 183 346 346
281 281 347 347
460 460 348 348
540 540 349 349
913 913 350 350
160 160 351 351
81 81 352 352
416 416 353 353
905 905 354 354
479 479 355 355
632 632 356 356
605 605 357 357
907 907 358 358
672 672 359 359
742 742 360 360
895 895 361 361
383 383 362 362
955 955 363 363
335 335 364 364
597 597 365 365
224 224 366 366
941 941 367 367
755 755 368 368
811 811 369 369
574 574 370 370
357 357 371 371
465 465 372 372
541 541 373 373
446 446 374 374
235 235 375 375
106 106 376 376
491 491 377 377
182 182 378 378
88 88 379 379
917 917 380 380
241 241 381 381
263 263 382 382
689 689 383 383
186 186 384 384
260 260 385 385
947 947 386 386
965 965 387 387
100 100 388 388
585 585 389 389
700 700 390 390
652 652 391 391
360 360 392 392
158 158 393 393
571 571 394 394
450 450 395 395
47 47 396 396
939 939 397 397
618 618 398 398
229 229 399 399
93 93 400 400
70 70 401 401
364 364 402 402
143 143 403 403
385 385 404 404
552 552 405 405
927 927 406 406
443 443 407 407
629 629 408 408
151 151 409 409
15 15 410 410
830 830 411 411
551 551 412 412
599 599 413 413
495 495 414 414
530 530 415 415
192 192 416 416
286 286 417 417
242 242 418 418
322 322 419 419
138 138 420 420
147 147 421 421
751 751 422 422
331 331 423 423
525 525 424 424
548 548 425 425
250 250 426 426
218 218 427 427
45 45 428 428
432 432 429 429
752 752 430 430
584 584 431 431
213 213 432 432
908 908 433 433
892 892 434 434
688 688 435 435
201 201 436 436
436 436 437 437
847 847 438 438
30 30 439 439
586 586 440 440
952 952 441 441
999 999 442 442
136 136 443 443
68 68 444 444
225 225 445 445
261 261 446 446
476 476 447 447
521 521 448 448
137 137 449 449
283 283 450 450
810 810 451 451
41 41 452 452
161 161 453 453
732 732 454 454
475 475 455 455
806 806 456 456
85 85 457 457
684 684 458 458
426 426 459 459
785 785 460 460
938 938 461 461
459 459 462 462
417 417 463 463
545 545 464 464
570 570 465 465
48 48 466 466
942 942 467 467
154 154 468 468
7 7 469 469
980 980 470 470
863 863 471 471
55 55 472 472
108 108 473 473
139 139 474 474
771 771 475 475
467 467 476 476
253 253 477 477
96 96 478 478
959 959 479 479
945 945 480 480
285 285 481 481
989 989 482 482
114 114 483 483
625 625 484 484
868 868 485 485
656 656 486 486
427 427 487 487
6 6 488 488
386 386 489 489
730 730 490 490
105 105 491 491
967 967 492 492
329 329 493 493
243 243 494 494
904 904 495 495
705 705 496 496
619 619 497 497
219 219 498 498
408 408 499 499
523 523 500 500
914 914 501 501
171 171 502 502
166 166 503 503
327 327 504 504
963 963 505 505
29 29 506 506
358 358 507 507
860 860 508 508
232 232 509 509
297 297 510 510
193 193 511 511
330 330 512 512
303 303 513 513
998 998 514 514
559 559 515 515
501 501 516 516
328 328 517 517
718 718 518 518
816 816 519 519
172 172 520 520
915 915 521 521
740 740 522 522
28 28 523 523
490 490 524 524
933 933 525 525
447 447 526 526
646 646 527 527
9 9 528 528
112 112 529 529
829 829 530 530
769 769 531 531
257 257 532 532
444 444 533 533
610 610 534 534
532 532 535 535
972 972 536 536
82 82 537 537
487 487 538 538
515 515 539 539
815 815 540 540
865 865 541 541
844 844 542 542
825 825 543 543
832 832 544 544
678 678 545 545
960 960 546 546
189 189 547 547
272 272 548 548
409 409 549 549
776 776 550 550
173 173 551 551
435 435 552 552
975 975 553 553
299 299 554 554
647 647 555 555
882 882 556 556
26 26 557 557
295 295 558 558
389 389 559 559
265 265 560 560
175 175 561 561
412 412 562 562
761 761 563 563
134 134 564 564
676 676 565 565
449 449 566 566
35 35 567 567
167 167 568 568
103 103 569 569
489 489 570 570
18 18 571 571
317 317 572 572
249 249 573 573
293 293 574 574
547 547 575 575
271 271 576 576
897 897 577 577
982 982 578 578
856 856 579 579
23 23 580 580
477 477 581 581
336 336 582 582
753 753 583 583
274 274 584 584
493 493 585 585
931 931 586 586
107 107 587 587
237 237 588 588
349 349 589 589
162 162 590 590
92 92 591 591
227 227 592 592
94 94 593 593
316 316 594 594
403 403 595 595
783 783 596 596
111 111 597 597
72 72 598 598
630 630 599 599
615 615 600 600
66 66 601 601
727 727 602 602
394 394 603 603
662 662 604 604
886 886 605 605
16 16 606 606
97 97 607 607
896 896 608 608
321 321 609 609
268 268 610 610
799 799 611 611
893 893 612 612
779 779 613 613
234 234 614 614
80 80 615 615
900 900 616 616
220 220 617 617
411 411 618 618
89 89 619 619
478 478 620 620
132 132 621 621
579 579 622 622
99 99 623 623
562 562 624 624
804 804 625 625
210 210 626 626
223 223 627 627
717 717 628 628
777 777 629 629
282 282 630 630
621 621 631 631
264 264 632 632
774 774 633 633
558 558 634 634
187 187 635 635
294 294 636 636
884 884 637 637
506 506 638 638
912 912 639 639
350 350 640 640
482 482 641 641
564 564 642 642
522 522 643 643
87 87 644 644
513 513 645 645
19 19 646 646
52 52 647 647
441 441 648 648
743 743 649 649
391 391 650 650
683 683 651 651
576 576 652 652
164 164 653 653
50 50 654 654
871 871 655 655
637 637 656 656
733 733 657 657
67 67 658 658
794 794 659 659
721 721 660 660
876 876 661 661
509 509 662 662
195 195 663 663
633 633 664 664
677 677 665 665
338 338 666 666
8 8 667 667
713 713 668 668
159 159 669 669
12 12 670 670
236 236 671 671
894 894 672 672
458 458 673 673
423 423 674 674
604 604 675 675
333 333 676 676
353 353 677 677
318 318 678 678
726 726 679 679
370 370 680 680
424 424 681 681
309 309 682 682
463 463 683 683
356 356 684 684
240 240 685 685
375 375 686 686
671 671 687 687
380 380 688 688
543 543 689 689
569 569 690 690
190 190 691 691
347 347 692 692
504 504 693 693
872 872 694 694
259 259 695 695
588 588 696 696
497 497 697 697
870 870 698 698
179 179 699 699
287 287 700 700
797 797 701 701
141 141 702 702
862 862 703 703
968 968 704 704
152 152 705 705
11 11 706 706
507 507 707 707
64 64 708 708
673 673 709 709
888 888 710 710
222 222 711 711
298 298 712 712
500 500 713 713
549 549 714 714
4 4 715 715
406 406 716 716
79 79 717 717
805 805 718 718
499 499 719 719
869 869 720 720
708 708 721 721
553 553 722 722
620 620 723 723
838 838 724 724
958 958 725 725
197 197 726 726
812 812 727 727
922 922 728 728
418 418 729 729
899 899 730 730
332 332 731 731
850 850 732 732
714 714 733 733
757 757 734 734
645 645 735 735
471 471 736 736
24 24 737 737
661 661 738 738
767 767 739 739
429 429 740 740
879 879 741 741
310 310 742 742
399 399 743 743
833 833 744 744
483 483 745 745
371 371 746 746
997 997 747 747
480 480 748 748
994 994 749 749
457 457 750 750
556 556 751 751
793 793 752 752
536 536 753 753
709 709 754 754
636 636 755 755
352 352 756 756
996 996 757 757
211 211 758 758
878 878 759 759
390 390 760 760
129 129 761 761
977 977 762 762
421 421 763 763
326 326 764 764
613 613 765 765
887 887 766 766
280 280 767 767
969 969 768 768
135 135 769 769
640 640 770 770
956 956 771 771
308 308 772 772
563 563 773 773
669 669 774 774
926 926 775 775
214 214 776 776
961 961 777 777
209 209 778 778
314 314 779 779
373 373 780 780
140 140 781 781
651 651 782 782
659 659 783 783
184 184 784 784
772 772 785 785
279 279 786 786
971 971 787 787
277 277 788 788
954 954 789 789
208 208 790 790
238 238 791 791
930 930 792 792
780 780 793 793
635 635 794 794
438 438 795 795
51 51 796 796
831 831 797 797
962 962 798 798
819 819 799 799
711 711 800 800
641 641 801 801
13 13 802 802
623 623 803 803
789 789 804 804
464 464 805 805
792 792 806 806
539 539 807 807
841 841 808 808
687 687 809 809
744 744 810 810
924 924 811 811
644 644 812 812
312 312 813 813
337 337 814 814
932 932 815 815
759 759 816 816
906 906 817 817
428 428 818 818
116 116 819 819
63 63 820 820
528 528 821 821
874 874 822 822
207 207 823 823
828 828 824 824
59 59 825 825
664 664 826 826
148 148 827 827
857 857 828 828
374 374 829 829
248 248 830 830
520 520 831 831
488 488 832 832
754 754 833 833
256 256 834 834
524 524 835 835
901 901 836 836
612 612 837 837
127 127 838 838
142 142 839 839
414 414 840 840
607 607 841 841
518 518 842 842
398 398 843 843
966 966 844 844
976 976 845 845
824 824 846 846
203 203 847 847
485 485 848 848
763 763 849 849
834 834 850 850
697 697 851 851
377 377 852 852
768 768 853 853
163 163 854 854
320 320 855 855
304 304 856 856
589 589 857 857
979 979 858 858
276 276 859 859
422 422 860 860
404 404 861 861
808 808 862 862
40 40 863 863
290 290 864 864
307 307 865 865
566 566 866 866
674 674 867 867
205 205 868 868
650 650 869 869
851 851 870 870
546 546 871 871
313 313 872 872
885 885 873 873
848 848 874 874
577 577 875 875
581 581 876 876
702 702 877 877
802 802 878 878
601 601 879 879
176 176 880 880
991 991 881 881
505 505 882 882
17 17 883 883
379 379 884 884
981 981 885 885
381 381 886 886
278 278 887 887
701 701 888 888
472 472 889 889
431 431 890 890
407 407 891 891
300 300 892 892
2 2 893 893
608 608 894 894
415 415 895 895
86 86 896 896
986 986 897 897
712 712 898 898
269 269 899 899
756 756 900 900
216 216 901 901
749 749 902 902
344 344 903 903
565 565 904 904
951 951 905 905
822 822 906 906
935 935 907 907
343 343 908 908
654 654 909 909
452 452 910 910
944 944 911 911
568 568 912 912
56 56 913 913
36 36 914 914
626 626 915 915
691 691 916 916
25 25 917 917
231 231 918 918
798 798 919 919
156 156 920 920
54 54 921 921
69 69 922 922
594 594 923 923
174 174 924 924
181 181 925 925
534 534 926 926
787 787 927 927
572 572 928 928
881 881 929 929
420 420 930 930
14 14 931 931
1000 1000 932 932
3 3 933 933
361 361 934 934
395 395 935 935
168 168 936 936
53 53 937 937
715 715 938 938
315 315 939 939
773 773 940 940
665 665 941 941
117 117 942 942
596 596 943 943
639 639 944 944
102 102 945 945
875 875 946 946
790 790 947 947
37 37 948 948
284 284 949 949
836 836 950 950
311 311 951 951
747 747 952 952
145 145 953 953
433 433 954 954
387 387 955 955
196 196 956 956
473 473 957 957
937 937 958 958
877 877 959 959
104 104 960 960
388 388 961 961
366 366 962 962
382 382 963 963
883 883 964 964
319 319 965 965
627 627 966 966
840 840 967 967
199 199 968 968
698 698 969 969
855 855 970 970
345 345 971 971
809 809 972 972
180 180 973 973
624 624 974 974
456 456 975 975
289 289 976 976
667 667 977 977
858 858 978 978
529 529 979 979
593 593 980 980
889 889 981 981
5 5 982 982
923 923 983 983
587 587 984 984
273 273 985 985
617 617 986 986
95 95 987 987
492 492 988 988
368 368 989 989
215 215 990 990
362 362 991 991
953 953 992 992
916 916 993 993
535 535 994 994
686 686 995 995
496 496 996 996
393 393 997 997
83 83 998 998
807 807 999 999
1000 1000 1000 1000
