55 1485
-1 -1
-1 -1
-1 -1
-1 -1
-1 -1
-1 -1
-1 -1
-1 -1
69 201
-1 -1
-1 -1
662 940
-1 -1
-1 -1
-1 -1
683 271
-1 -1
64 322
-1 -1
732 288
-1 -1
-1 -1
-1 -1
-1 -1
-1 -1
-1 -1
-1 -1
-1 -1
-1 -1
-1 -1
-1 -1
258 229
889 259
-1 -1
-1 -1
-1 -1
-1 -1
-1 -1
-1 -1
233 424
315 195
-1 -1
-1 -1
-1 -1
711 666
953 128
973 921
-1 -1
36 151
-1 -1
-1 -1
-1 -1
931 993
-1 -1
-1 -1
6 28
22 28
28 51
28 46
11 28
28 49
2 28
28 41
19 28
3 28
4 28
14 28
28 48
27 28
12 28
28 54
5 28
25 28
28 42
10 28
28 29
28 44
18 28
28 47
28 31
28 50
9 28
28 32
1 28
16 28
28 53
28 33
15 28
26 28
28 34
17 28
28 43
20 28
28 37
8 28
7 28
28 55
28 35
28 45
28 30
28 36
24 28
28 40
28 38
23 28
28 39
21 28
13 28
28 52
6 22
6 51
6 46
6 11
6 49
2 6
6 41
6 19
3 6
4 6
6 14
6 48
6 27
6 12
6 54
5 6
6 25
6 42
6 10
6 29
6 44
6 18
6 47
6 31
6 50
6 9
6 32
1 6
6 16
6 53
6 33
6 15
6 26
6 34
6 17
6 43
6 20
6 37
6 8
6 7
6 55
6 35
6 45
6 30
6 36
6 24
6 40
6 38
6 23
6 39
6 21
6 13
6 52
22 51
22 46
11 22
22 49
2 22
22 41
19 22
3 22
4 22
14 22
22 48
22 27
12 22
22 54
5 22
22 25
22 42
10 22
22 29
22 44
18 22
22 47
22 31
22 50
9 22
22 32
1 22
16 22
22 53
22 33
15 22
22 26
22 34
17 22
22 43
20 22
22 37
8 22
7 22
22 55
22 35
22 45
22 30
22 36
22 24
22 40
22 38
22 23
22 39
21 22
13 22
22 52
46 51
11 51
49 51
2 51
41 51
19 51
3 51
4 51
14 51
48 51
27 51
12 51
51 54
5 51
25 51
42 51
10 51
29 51
44 51
18 51
47 51
31 51
50 51
9 51
32 51
1 51
16 51
51 53
33 51
15 51
26 51
34 51
17 51
43 51
20 51
37 51
8 51
7 51
51 55
35 51
45 51
30 51
36 51
24 51
40 51
38 51
23 51
39 51
21 51
13 51
51 52
11 46
46 49
2 46
41 46
19 46
3 46
4 46
14 46
46 48
27 46
12 46
46 54
5 46
25 46
42 46
10 46
29 46
44 46
18 46
46 47
31 46
46 50
9 46
32 46
1 46
16 46
46 53
33 46
15 46
26 46
34 46
17 46
43 46
20 46
37 46
8 46
7 46
46 55
35 46
45 46
30 46
36 46
24 46
40 46
38 46
23 46
39 46
21 46
13 46
46 52
11 49
2 11
11 41
11 19
3 11
4 11
11 14
11 48
11 27
11 12
11 54
5 11
11 25
11 42
10 11
11 29
11 44
11 18
11 47
11 31
11 50
9 11
11 32
1 11
11 16
11 53
11 33
11 15
11 26
11 34
11 17
11 43
11 20
11 37
8 11
7 11
11 55
11 35
11 45
11 30
11 36
11 24
11 40
11 38
11 23
11 39
11 21
11 13
11 52
2 49
41 49
19 49
3 49
4 49
14 49
48 49
27 49
12 49
49 54
5 49
25 49
42 49
10 49
29 49
44 49
18 49
47 49
31 49
49 50
9 49
32 49
1 49
16 49
49 53
33 49
15 49
26 49
34 49
17 49
43 49
20 49
37 49
8 49
7 49
49 55
35 49
45 49
30 49
36 49
24 49
40 49
38 49
23 49
39 49
21 49
13 49
49 52
2 41
2 19
2 3
2 4
2 14
2 48
2 27
2 12
2 54
2 5
2 25
2 42
2 10
2 29
2 44
2 18
2 47
2 31
2 50
2 9
2 32
1 2
2 16
2 53
2 33
2 15
2 26
2 34
2 17
2 43
2 20
2 37
2 8
2 7
2 55
2 35
2 45
2 30
2 36
2 24
2 40
2 38
2 23
2 39
2 21
2 13
2 52
19 41
3 41
4 41
14 41
41 48
27 41
12 41
41 54
5 41
25 41
41 42
10 41
29 41
41 44
18 41
41 47
31 41
41 50
9 41
32 41
1 41
16 41
41 53
33 41
15 41
26 41
34 41
17 41
41 43
20 41
37 41
8 41
7 41
41 55
35 41
41 45
30 41
36 41
24 41
40 41
38 41
23 41
39 41
21 41
13 41
41 52
3 19
4 19
14 19
19 48
19 27
12 19
19 54
5 19
19 25
19 42
10 19
19 29
19 44
18 19
19 47
19 31
19 50
9 19
19 32
1 19
16 19
19 53
19 33
15 19
19 26
19 34
17 19
19 43
19 20
19 37
8 19
7 19
19 55
19 35
19 45
19 30
19 36
19 24
19 40
19 38
19 23
19 39
19 21
13 19
19 52
3 4
3 14
3 48
3 27
3 12
3 54
3 5
3 25
3 42
3 10
3 29
3 44
3 18
3 47
3 31
3 50
3 9
3 32
1 3
3 16
3 53
3 33
3 15
3 26
3 34
3 17
3 43
3 20
3 37
3 8
3 7
3 55
3 35
3 45
3 30
3 36
3 24
3 40
3 38
3 23
3 39
3 21
3 13
3 52
4 14
4 48
4 27
4 12
4 54
4 5
4 25
4 42
4 10
4 29
4 44
4 18
4 47
4 31
4 50
4 9
4 32
1 4
4 16
4 53
4 33
4 15
4 26
4 34
4 17
4 43
4 20
4 37
4 8
4 7
4 55
4 35
4 45
4 30
4 36
4 24
4 40
4 38
4 23
4 39
4 21
4 13
4 52
14 48
14 27
12 14
14 54
5 14
14 25
14 42
10 14
14 29
14 44
14 18
14 47
14 31
14 50
9 14
14 32
1 14
14 16
14 53
14 33
14 15
14 26
14 34
14 17
14 43
14 20
14 37
8 14
7 14
14 55
14 35
14 45
14 30
14 36
14 24
14 40
14 38
14 23
14 39
14 21
13 14
14 52
27 48
12 48
48 54
5 48
25 48
42 48
10 48
29 48
44 48
18 48
47 48
31 48
48 50
9 48
32 48
1 48
16 48
48 53
33 48
15 48
26 48
34 48
17 48
43 48
20 48
37 48
8 48
7 48
48 55
35 48
45 48
30 48
36 48
24 48
40 48
38 48
23 48
39 48
21 48
13 48
48 52
12 27
27 54
5 27
25 27
27 42
10 27
27 29
27 44
18 27
27 47
27 31
27 50
9 27
27 32
1 27
16 27
27 53
27 33
15 27
26 27
27 34
17 27
27 43
20 27
27 37
8 27
7 27
27 55
27 35
27 45
27 30
27 36
24 27
27 40
27 38
23 27
27 39
21 27
13 27
27 52
12 54
5 12
12 25
12 42
10 12
12 29
12 44
12 18
12 47
12 31
12 50
9 12
12 32
1 12
12 16
12 53
12 33
12 15
12 26
12 34
12 17
12 43
12 20
12 37
8 12
7 12
12 55
12 35
12 45
12 30
12 36
12 24
12 40
12 38
12 23
12 39
12 21
12 13
12 52
5 54
25 54
42 54
10 54
29 54
44 54
18 54
47 54
31 54
50 54
9 54
32 54
1 54
16 54
53 54
33 54
15 54
26 54
34 54
17 54
43 54
20 54
37 54
8 54
7 54
54 55
35 54
45 54
30 54
36 54
24 54
40 54
38 54
23 54
39 54
21 54
13 54
52 54
5 25
5 42
5 10
5 29
5 44
5 18
5 47
5 31
5 50
5 9
5 32
1 5
5 16
5 53
5 33
5 15
5 26
5 34
5 17
5 43
5 20
5 37
5 8
5 7
5 55
5 35
5 45
5 30
5 36
5 24
5 40
5 38
5 23
5 39
5 21
5 13
5 52
25 42
10 25
25 29
25 44
18 25
25 47
25 31
25 50
9 25
25 32
1 25
16 25
25 53
25 33
15 25
25 26
25 34
17 25
25 43
20 25
25 37
8 25
7 25
25 55
25 35
25 45
25 30
25 36
24 25
25 40
25 38
23 25
25 39
21 25
13 25
25 52
10 42
29 42
42 44
18 42
42 47
31 42
42 50
9 42
32 42
1 42
16 42
42 53
33 42
15 42
26 42
34 42
17 42
42 43
20 42
37 42
8 42
7 42
42 55
35 42
42 45
30 42
36 42
24 42
40 42
38 42
23 42
39 42
21 42
13 42
42 52
10 29
10 44
10 18
10 47
10 31
10 50
9 10
10 32
1 10
10 16
10 53
10 33
10 15
10 26
10 34
10 17
10 43
10 20
10 37
8 10
7 10
10 55
10 35
10 45
10 30
10 36
10 24
10 40
10 38
10 23
10 39
10 21
10 13
10 52
29 44
18 29
29 47
29 31
29 50
9 29
29 32
1 29
16 29
29 53
29 33
15 29
26 29
29 34
17 29
29 43
20 29
29 37
8 29
7 29
29 55
29 35
29 45
29 30
29 36
24 29
29 40
29 38
23 29
29 39
21 29
13 29
29 52
18 44
44 47
31 44
44 50
9 44
32 44
1 44
16 44
44 53
33 44
15 44
26 44
34 44
17 44
43 44
20 44
37 44
8 44
7 44
44 55
35 44
44 45
30 44
36 44
24 44
40 44
38 44
23 44
39 44
21 44
13 44
44 52
18 47
18 31
18 50
9 18
18 32
1 18
16 18
18 53
18 33
15 18
18 26
18 34
17 18
18 43
18 20
18 37
8 18
7 18
18 55
18 35
18 45
18 30
18 36
18 24
18 40
18 38
18 23
18 39
18 21
13 18
18 52
31 47
47 50
9 47
32 47
1 47
16 47
47 53
33 47
15 47
26 47
34 47
17 47
43 47
20 47
37 47
8 47
7 47
47 55
35 47
45 47
30 47
36 47
24 47
40 47
38 47
23 47
39 47
21 47
13 47
47 52
31 50
9 31
31 32
1 31
16 31
31 53
31 33
15 31
26 31
31 34
17 31
31 43
20 31
31 37
8 31
7 31
31 55
31 35
31 45
30 31
31 36
24 31
31 40
31 38
23 31
31 39
21 31
13 31
31 52
9 50
32 50
1 50
16 50
50 53
33 50
15 50
26 50
34 50
17 50
43 50
20 50
37 50
8 50
7 50
50 55
35 50
45 50
30 50
36 50
24 50
40 50
38 50
23 50
39 50
21 50
13 50
50 52
9 32
1 9
9 16
9 53
9 33
9 15
9 26
9 34
9 17
9 43
9 20
9 37
8 9
7 9
9 55
9 35
9 45
9 30
9 36
9 24
9 40
9 38
9 23
9 39
9 21
9 13
9 52
1 32
16 32
32 53
32 33
15 32
26 32
32 34
17 32
32 43
20 32
32 37
8 32
7 32
32 55
32 35
32 45
30 32
32 36
24 32
32 40
32 38
23 32
32 39
21 32
13 32
32 52
1 16
1 53
1 33
1 15
1 26
1 34
1 17
1 43
1 20
1 37
1 8
1 7
1 55
1 35
1 45
1 30
1 36
1 24
1 40
1 38
1 23
1 39
1 21
1 13
1 52
16 53
16 33
15 16
16 26
16 34
16 17
16 43
16 20
16 37
8 16
7 16
16 55
16 35
16 45
16 30
16 36
16 24
16 40
16 38
16 23
16 39
16 21
13 16
16 52
33 53
15 53
26 53
34 53
17 53
43 53
20 53
37 53
8 53
7 53
53 55
35 53
45 53
30 53
36 53
24 53
40 53
38 53
23 53
39 53
21 53
13 53
52 53
15 33
26 33
33 34
17 33
33 43
20 33
33 37
8 33
7 33
33 55
33 35
33 45
30 33
33 36
24 33
33 40
33 38
23 33
33 39
21 33
13 33
33 52
15 26
15 34
15 17
15 43
15 20
15 37
8 15
7 15
15 55
15 35
15 45
15 30
15 36
15 24
15 40
15 38
15 23
15 39
15 21
13 15
15 52
26 34
17 26
26 43
20 26
26 37
8 26
7 26
26 55
26 35
26 45
26 30
26 36
24 26
26 40
26 38
23 26
26 39
21 26
13 26
26 52
17 34
34 43
20 34
34 37
8 34
7 34
34 55
34 35
34 45
30 34
34 36
24 34
34 40
34 38
23 34
34 39
21 34
13 34
34 52
17 43
17 20
17 37
8 17
7 17
17 55
17 35
17 45
17 30
17 36
17 24
17 40
17 38
17 23
17 39
17 21
13 17
17 52
20 43
37 43
8 43
7 43
43 55
35 43
43 45
30 43
36 43
24 43
40 43
38 43
23 43
39 43
21 43
13 43
43 52
20 37
8 20
7 20
20 55
20 35
20 45
20 30
20 36
20 24
20 40
20 38
20 23
20 39
20 21
13 20
20 52
8 37
7 37
37 55
35 37
37 45
30 37
36 37
24 37
37 40
37 38
23 37
37 39
21 37
13 37
37 52
7 8
8 55
8 35
8 45
8 30
8 36
8 24
8 40
8 38
8 23
8 39
8 21
8 13
8 52
7 55
7 35
7 45
7 30
7 36
7 24
7 40
7 38
7 23
7 39
7 21
7 13
7 52
35 55
45 55
30 55
36 55
24 55
40 55
38 55
23 55
39 55
21 55
13 55
52 55
35 45
30 35
35 36
24 35
35 40
35 38
23 35
35 39
21 35
13 35
35 52
30 45
36 45
24 45
40 45
38 45
23 45
39 45
21 45
13 45
45 52
30 36
24 30
30 40
30 38
23 30
30 39
21 30
13 30
30 52
24 36
36 40
36 38
23 36
36 39
21 36
13 36
36 52
24 40
24 38
23 24
24 39
21 24
13 24
24 52
38 40
23 40
39 40
21 40
13 40
40 52
23 38
38 39
21 38
13 38
38 52
23 39
21 23
13 23
23 52
21 39
13 39
39 52
13 21
21 52
13 52
