845.0000000000 808.0000000000
559.0000000000 446.5000000000
887.0000000000 579.0000000000
664.0000000000 501.0000000000
947.0000000000 14.0000000000
155.0000000000 677.0000000000
315.0000000000 353.0000000000
470.7142857143 556.0634920635
173.0000000000 993.0000000000
963.0000000000 216.0000000000
60.0000000000 143.0000000000
16.0000000000 768.0000000000
778.0000000000 765.0000000000
119.0000000000 184.0000000000
737.0000000000 560.0000000000
411.0000000000 114.0000000000
155.0000000000 677.0000000000
714.0000000000 255.0000000000
294.0000000000 712.0000000000
285.0000000000 223.0000000000
288.0000000000 788.0000000000
951.0000000000 266.0000000000
606.0000000000 251.0000000000
843.0000000000 979.0000000000
951.0000000000 266.0000000000
624.5714285714 552.0952380952
265.6666666667 709.6666666667
843.0000000000 979.0000000000
285.0000000000 223.0000000000
206.5000000000 448.0000000000
704.4285714286 400.7936507937
206.5000000000 448.0000000000
285.0000000000 223.0000000000
724.0000000000 577.0000000000
372.8260869565 515.8260869565
390.8913043478 500.8913043478
605.0000000000 181.0000000000
188.0000000000 324.0000000000
583.1428571429 594.1904761905
158.0000000000 718.0000000000
987.0000000000 349.0000000000
559.0000000000 446.5000000000
373.0000000000 124.0000000000
435.0000000000 926.0000000000
229.0000000000 883.0000000000
233.5000000000 269.0000000000
500.0000000000 988.0000000000
808.0000000000 857.0000000000
666.0000000000 510.0000000000
725.5000000000 627.0000000000
751.0000000000 131.0000000000
539.0000000000 662.0000000000
271.4130434783 723.4130434783
778.0000000000 765.0000000000
845.0000000000 808.0000000000
315.0000000000 353.0000000000
408.9565217391 485.9565217391
170.0000000000 931.0000000000
15.0000000000 660.0000000000
732.5000000000 193.0000000000
209.0000000000 310.0000000000
309.0000000000 230.0000000000
170.0000000000 931.0000000000
470.7142857143 556.0634920635
422.0000000000 96.0000000000
998.0000000000 592.0000000000
136.0000000000 890.0000000000
514.0000000000 721.0000000000
877.0000000000 510.0000000000
83.0000000000 989.0000000000
279.0000000000 214.0000000000
685.5000000000 358.0000000000
737.0000000000 560.0000000000
188.0000000000 324.0000000000
373.0000000000 124.0000000000
119.0000000000 184.0000000000
435.0000000000 926.0000000000
90.5000000000 553.0000000000
214.0000000000 215.5000000000
338.0000000000 641.0000000000
113.0000000000 78.0000000000
808.0000000000 857.0000000000
16.0000000000 768.0000000000
154.5000000000 686.0000000000
136.0000000000 890.0000000000
16.0000000000 768.0000000000
279.0000000000 214.0000000000
542.0000000000 534.0000000000
626.9782608696 646.9782608696
136.0000000000 890.0000000000
987.0000000000 349.0000000000
330.0000000000 998.0000000000
825.7142857143 207.3968253968
998.0000000000 592.0000000000
136.0000000000 890.0000000000
265.6666666667 709.6666666667
271.4130434783 723.4130434783
843.0000000000 979.0000000000
165.0000000000 338.0000000000
155.0000000000 677.0000000000
