645.2500000000 536.5000000000
361.0000000000 166.0000000000
797.0000000000 308.0000000000
355.0000000000 961.0000000000
366.0000000000 485.0000000000
602.0000000000 336.0000000000
754.4615384615 391.5384615385
731.5000000000 328.0000000000
429.6000000000 654.2000000000
755.6666666667 252.6666666667
260.0000000000 890.3333333333
640.0000000000 330.0000000000
489.0000000000 166.0000000000
402.0000000000 139.0000000000
179.1428571429 409.0000000000
679.0000000000 539.0000000000
696.7692307692 339.2307692308
992.0000000000 247.0000000000
124.5714285714 579.0000000000
542.0000000000 634.0000000000
708.3076923077 349.6923076923
149.6666666667 449.3333333333
757.0000000000 566.0000000000
992.0000000000 247.0000000000
165.0000000000 819.6666666667
627.5384615385 276.4615384615
616.0000000000 266.0000000000
992.0000000000 247.0000000000
867.0000000000 642.0000000000
97.2857142857 664.0000000000
685.2307692308 328.7692307692
639.0769230769 286.9230769231
650.6153846154 297.3846153846
315.4000000000 838.0000000000
812.0000000000 604.0000000000
577.5000000000 257.0000000000
70.0000000000 749.0000000000
206.4285714286 324.0000000000
755.0000000000 96.0000000000
313.6666666667 392.6666666667
992.0000000000 247.0000000000
289.0000000000 756.0000000000
590.6000000000 246.0000000000
570.2000000000 552.4000000000
731.3846153846 370.6153846154
117.5000000000 784.3333333333
524.5000000000 671.0000000000
266.3333333333 619.3333333333
532.7500000000 553.5000000000
733.3333333333 462.3333333333
714.0000000000 471.0000000000
539.8000000000 206.0000000000
432.0000000000 227.0000000000
710.8000000000 450.6000000000
666.0000000000 348.0000000000
403.7500000000 805.5000000000
94.0000000000 597.0000000000
752.6666666667 225.0000000000
307.5000000000 925.6666666667
542.0000000000 634.0000000000
996.0000000000 715.0000000000
928.0000000000 268.0000000000
483.3333333333 584.3333333333
328.6000000000 879.0000000000
341.8000000000 920.0000000000
212.5000000000 855.0000000000
719.8461538462 360.1538461538
565.2000000000 226.0000000000
577.3333333333 182.0000000000
302.2000000000 797.0000000000
673.6923076923 318.3076923077
151.8571428571 494.0000000000
261.0000000000 154.0000000000
283.0000000000 940.0000000000
755.3333333333 174.3333333333
756.6666666667 487.6666666667
864.6666666667 588.6666666667
851.4000000000 348.8000000000
542.0000000000 634.0000000000
362.6666666667 272.3333333333
992.0000000000 247.0000000000
536.0000000000 278.5000000000
578.5000000000 117.5000000000
364.3333333333 378.6666666667
992.0000000000 247.0000000000
756.0000000000 331.0000000000
992.0000000000 247.0000000000
386.5000000000 568.0000000000
742.9230769231 381.0769230769
219.0000000000 846.0000000000
756.3333333333 409.3333333333
424.6666666667 534.6666666667
766.0000000000 402.0000000000
240.2500000000 582.5000000000
862.5000000000 288.0000000000
542.0000000000 634.0000000000
514.4000000000 186.0000000000
662.1538461538 307.8461538462
205.3333333333 301.6666666667
233.7142857143 239.0000000000
