270.0000000000 782.0000000000
796.0000000000 176.0000000000
441.3333333333 758.0000000000
948.0000000000 776.0000000000
654.0000000000 318.0000000000
233.0000000000 485.0000000000
445.0000000000 637.0000000000
451.3333333333 319.3333333333
741.0000000000 704.0000000000
469.5000000000 336.0000000000
500.0000000000 529.0000000000
829.0000000000 199.0000000000
53.0000000000 478.0000000000
220.0000000000 406.0000000000
274.3333333333 750.0000000000
784.0000000000 751.0000000000
756.6666666667 756.6666666667
242.0000000000 203.0000000000
208.0000000000 292.0000000000
899.0000000000 144.0000000000
494.0000000000 35.0000000000
336.0000000000 682.0000000000
660.0000000000 710.0000000000
532.5000000000 130.0000000000
550.6666666667 734.0000000000
785.0000000000 292.0000000000
155.0000000000 60.0000000000
65.0000000000 422.0000000000
494.0000000000 35.0000000000
4.0000000000 816.0000000000
839.0000000000 266.0000000000
976.0000000000 980.0000000000
714.0000000000 471.0000000000
708.3333333333 733.3333333333
217.4000000000 400.0000000000
216.0000000000 383.0000000000
612.3333333333 601.0000000000
714.0000000000 95.0000000000
151.0000000000 886.0000000000
818.0000000000 993.0000000000
91.0000000000 264.5000000000
596.6666666667 119.0000000000
601.0000000000 392.0000000000
365.0000000000 241.0000000000
664.2500000000 153.0000000000
773.0000000000 160.0000000000
212.6666666667 818.0000000000
664.0000000000 402.0000000000
65.0000000000 422.0000000000
222.6666666667 806.0000000000
1.0000000000 544.0000000000
548.0000000000 466.0000000000
676.0000000000 286.0000000000
947.0000000000 529.0000000000
204.0000000000 882.0000000000
269.0000000000 84.0000000000
561.0000000000 656.0000000000
796.0000000000 653.0000000000
766.0000000000 732.0000000000
578.0000000000 534.0000000000
494.0000000000 35.0000000000
170.6000000000 145.0000000000
590.5000000000 630.5000000000
494.0000000000 35.0000000000
481.7500000000 185.5000000000
559.5000000000 275.0000000000
400.7500000000 107.0000000000
873.0000000000 226.0000000000
489.5000000000 452.5000000000
457.2500000000 486.5000000000
707.0000000000 244.0000000000
326.3333333333 146.0000000000
582.6666666667 582.3333333333
452.0000000000 206.5000000000
707.0000000000 942.0000000000
662.0000000000 210.0000000000
658.0000000000 143.6666666667
198.0000000000 312.0000000000
415.0000000000 370.0000000000
779.6666666667 565.0000000000
201.8000000000 315.0000000000
413.0000000000 844.0000000000
4.0000000000 854.0000000000
56.0000000000 173.0000000000
290.5000000000 312.0000000000
602.0000000000 192.3333333333
805.0000000000 780.0000000000
424.3333333333 460.6666666667
546.0000000000 241.0000000000
867.0000000000 92.0000000000
501.5000000000 546.0000000000
266.0000000000 339.0000000000
194.0000000000 613.0000000000
225.0000000000 247.5000000000
636.6666666667 299.6666666667
822.0000000000 280.0000000000
186.2000000000 230.0000000000
332.0000000000 782.0000000000
113.3333333333 830.0000000000
117.0000000000 107.0000000000
