100 99
462 946
14 419
459 991
395 173
465 699
820 50
377 32
851 161
373 281
875 186
558 274
349 835
328 516
699 482
539 5
370 354
848 559
28 313
389 931
283 434
182 683
233 851
331 781
261 991
547 862
670 734
989 264
594 148
522 446
119 398
192 300
339 284
305 200
145 145
461 112
573 545
682 860
19 500
987 963
740 127
736 425
519 833
413 71
662 946
139 271
379 732
195 98
745 347
780 84
370 883
335 346
73 703
453 385
612 255
426 936
149 25
694 909
950 784
640 119
197 614
531 170
53 744
267 45
46 914
649 709
837 968
127 782
121 915
283 910
671 81
22 235
751 859
88 910
541 944
666 203
237 623
776 622
57 984
60 339
319 89
72 557
520 390
81 602
536 712
61 509
421 324
899 491
50 978
910 987
910 766
270 479
52 864
860 76
455 578
327 690
469 48
185 40
839 269
608 660
982 860
23 44
23 99
18 23
23 39
23 98
41 44
44 50
8 44
28 44
44 67
44 60
41 80
41 55
6 41
41 85
22 50
8 20
28 53
28 70
13 28
43 99
76 99
91 99
82 99
43 81
33 43
34 80
80 87
51 67
67 73
67 90
18 32
18 92
18 62
55 58
17 91
42 91
6 78
6 83
6 72
4 6
34 96
7 32
46 96
95 96
35 53
47 53
53 86
53 57
53 69
78 97
36 78
71 83
19 83
25 81
1 81
24 71
71 75
38 60
35 52
15 72
3 72
20 100
20 94
20 40
59 70
19 49
49 63
49 74
49 93
49 61
10 73
47 56
63 79
29 85
12 25
9 87
77 87
16 87
24 37
7 30
2 46
27 74
54 97
11 97
66 77
29 89
29 48
52 65
31 54
26 69
3 21
16 88
64 90
5 90
38 84
12 68
12 14
45 94
