659.0000000000 607.0000000000
300.0000000000 933.0000000000
928.0000000000 75.0000000000
710.0000000000 856.0000000000
206.0000000000 995.0000000000
81.0000000000 907.0000000000
328.0000000000 803.0000000000
716.0000000000 744.0000000000
285.0000000000 647.0000000000
853.0000000000 474.0000000000
943.0000000000 398.0000000000
435.0000000000 36.0000000000
89.0000000000 747.0000000000
579.0000000000 682.0000000000
176.0000000000 467.0000000000
319.0000000000 803.0000000000
766.0000000000 21.0000000000
434.0000000000 477.0000000000
416.0000000000 738.0000000000
519.0000000000 385.0000000000
857.0000000000 505.0000000000
238.0000000000 835.0000000000
999.0000000000 570.0000000000
931.0000000000 703.0000000000
638.0000000000 156.0000000000
257.0000000000 135.0000000000
179.0000000000 319.0000000000
196.0000000000 833.0000000000
749.0000000000 340.0000000000
730.0000000000 421.0000000000
759.0000000000 627.0000000000
214.0000000000 132.0000000000
644.0000000000 352.0000000000
558.0000000000 559.0000000000
971.0000000000 159.0000000000
858.0000000000 571.0000000000
951.0000000000 665.0000000000
821.0000000000 604.0000000000
591.0000000000 79.0000000000
670.0000000000 150.0000000000
788.0000000000 357.0000000000
435.0000000000 470.0000000000
403.0000000000 525.0000000000
553.0000000000 301.0000000000
824.0000000000 684.0000000000
687.0000000000 716.0000000000
975.0000000000 764.0000000000
187.0000000000 63.0000000000
529.0000000000 470.0000000000
556.0000000000 413.0000000000
34.0000000000 201.0000000000
711.0000000000 271.0000000000
355.0000000000 147.0000000000
79.0000000000 724.0000000000
957.0000000000 823.0000000000
