55 742
-1 -1
-1 -1
-1 -1
-1 -1
-1 -1
-1 -1
-1 -1
-1 -1
-1 -1
-1 -1
-1 -1
-1 -1
-1 -1
-1 -1
-1 -1
-1 -1
-1 -1
-1 -1
-1 -1
-1 -1
-1 -1
-1 -1
-1 -1
-1 -1
-1 -1
-1 -1
-1 -1
-1 -1
271 211
-1 -1
-1 -1
-1 -1
-1 -1
-1 -1
-1 -1
-1 -1
-1 -1
-1 -1
-1 -1
-1 -1
-1 -1
-1 -1
-1 -1
-1 -1
-1 -1
-1 -1
-1 -1
-1 -1
-1 -1
-1 -1
-1 -1
-1 -1
-1 -1
-1 -1
-1 -1
20 28
11 28
2 28
28 55
28 32
5 28
28 39
4 28
28 36
28 52
28 30
27 28
28 34
19 28
10 28
14 28
28 54
13 28
22 28
26 28
28 35
25 28
28 33
28 48
11 20
2 20
20 23
20 46
20 55
20 31
20 32
3 20
4 20
20 42
20 52
20 30
9 20
20 34
19 20
20 50
20 45
20 24
20 22
20 43
20 47
20 37
20 29
20 25
20 44
7 20
17 20
20 33
2 11
11 46
11 55
11 32
5 11
11 39
4 11
11 18
11 16
11 52
9 11
11 19
11 14
11 15
11 50
11 24
11 54
11 13
11 22
11 12
11 35
11 43
11 47
11 29
11 25
11 48
2 23
2 46
2 32
2 5
2 53
2 4
2 6
2 18
2 16
2 52
2 30
2 21
2 27
2 34
2 19
2 15
2 24
2 13
2 22
2 12
2 43
2 47
2 37
2 25
2 49
2 33
23 46
23 55
23 31
23 32
23 51
23 40
5 23
23 53
3 23
4 23
6 23
18 23
16 23
23 36
23 27
9 23
1 23
23 34
10 23
15 23
23 50
23 45
23 24
13 23
23 47
8 23
23 49
23 33
46 55
31 46
32 46
46 51
5 46
39 46
3 46
4 46
42 46
6 46
16 46
46 52
21 46
9 46
19 46
15 46
22 46
12 46
26 46
35 46
43 46
46 47
8 46
25 46
7 46
17 46
33 46
41 46
31 55
32 55
40 55
5 55
4 55
42 55
6 55
16 55
21 55
9 55
10 55
14 55
13 55
22 55
12 55
26 55
37 55
29 55
25 55
33 55
41 55
31 32
31 40
31 53
31 39
3 31
31 42
6 31
31 36
27 31
19 31
31 38
14 31
15 31
31 50
31 45
31 54
13 31
22 31
12 31
31 47
31 37
8 31
7 31
31 49
17 31
31 48
32 51
32 40
5 32
32 53
32 39
3 32
4 32
32 42
18 32
16 32
32 52
30 32
21 32
27 32
9 32
32 38
15 32
32 45
32 54
22 32
32 47
32 44
32 33
51 53
39 51
4 51
18 51
30 51
21 51
1 51
50 51
45 51
51 54
13 51
22 51
12 51
43 51
25 51
49 51
17 51
41 51
40 53
3 40
6 40
18 40
16 40
36 40
21 40
9 40
1 40
19 40
38 40
10 40
15 40
40 45
22 40
35 40
37 40
29 40
8 40
25 40
7 40
17 40
40 41
40 48
5 53
5 39
3 5
5 30
5 21
5 9
5 34
5 10
5 14
5 24
5 13
5 12
5 26
5 35
5 43
5 8
5 44
5 17
5 41
18 53
36 53
52 53
21 53
27 53
9 53
34 53
10 53
14 53
50 53
22 53
25 53
44 53
33 53
48 53
3 39
6 39
18 39
16 39
39 52
27 39
9 39
34 39
19 39
10 39
14 39
39 50
39 45
22 39
26 39
39 43
37 39
8 39
25 39
39 44
7 39
39 49
33 39
3 4
3 6
3 16
3 36
3 52
3 30
3 9
3 38
3 14
3 24
3 54
3 22
3 43
3 37
3 25
3 44
3 49
4 42
4 18
4 16
4 36
4 21
4 27
4 34
4 19
4 10
4 24
4 13
4 22
4 12
4 35
4 29
4 25
4 17
4 33
18 42
30 42
9 42
1 42
19 42
10 42
15 42
42 45
24 42
42 54
26 42
35 42
42 43
29 42
8 42
25 42
42 44
7 42
33 42
42 48
6 18
6 16
6 30
6 21
6 9
6 34
6 19
6 10
6 14
6 15
6 45
6 22
6 35
6 37
6 29
6 25
6 44
6 7
6 49
6 17
6 33
6 48
18 30
18 21
18 27
9 18
1 18
18 19
18 38
10 18
14 18
18 50
18 45
18 24
13 18
18 22
12 18
18 26
18 35
18 47
18 29
8 18
18 25
18 44
7 18
18 33
18 41
18 48
16 52
16 27
9 16
1 16
10 16
16 50
16 24
16 54
13 16
16 26
16 43
16 37
16 25
16 33
16 41
16 48
21 36
9 36
1 36
14 36
36 45
13 36
26 36
35 36
29 36
25 36
36 44
36 49
17 36
36 41
36 48
30 52
9 52
1 52
34 52
10 52
14 52
15 52
52 54
13 52
12 52
26 52
35 52
43 52
47 52
37 52
29 52
25 52
44 52
48 52
27 30
30 34
19 30
24 30
30 54
13 30
22 30
30 35
30 43
30 47
30 37
29 30
8 30
7 30
30 49
17 30
30 48
21 27
1 21
14 21
15 21
21 45
21 24
21 54
13 21
12 21
21 43
21 44
21 49
21 48
27 38
10 27
14 27
15 27
24 27
22 27
27 35
27 47
27 37
27 29
25 27
27 44
27 49
27 41
27 48
1 9
9 38
9 14
9 45
9 24
9 22
9 43
9 37
9 25
7 9
9 17
9 41
1 38
1 14
1 50
1 13
1 22
1 26
1 35
1 43
1 47
1 37
1 7
1 33
1 41
1 48
19 34
10 34
34 50
24 34
34 35
34 47
29 34
17 34
33 34
34 41
15 19
19 50
19 45
19 24
19 54
12 19
19 26
8 19
19 25
19 49
17 19
19 33
19 41
10 38
15 38
38 50
13 38
22 38
35 38
38 43
29 38
8 38
25 38
38 44
7 38
17 38
38 41
10 24
10 54
10 13
10 35
10 43
10 37
8 10
10 25
10 44
7 10
10 49
10 41
14 15
14 50
14 45
14 54
12 14
14 26
8 14
14 25
14 17
14 33
14 48
15 50
15 45
15 24
13 15
12 15
8 15
15 33
15 41
15 48
45 50
24 50
50 54
22 50
12 50
43 50
47 50
29 50
25 50
7 50
49 50
48 50
24 45
13 45
12 45
35 45
37 45
8 45
44 45
45 49
17 45
33 45
45 48
24 54
12 24
24 26
24 35
24 43
24 25
24 44
7 24
24 33
24 48
26 54
47 54
37 54
8 54
25 54
44 54
17 54
33 54
48 54
13 22
12 13
13 35
8 13
13 44
7 13
13 17
13 33
12 22
22 26
22 35
22 47
22 25
7 22
22 41
12 26
12 47
8 12
12 25
7 12
12 49
12 33
12 48
26 37
26 29
25 26
26 33
26 48
8 35
7 35
35 49
35 48
43 47
8 43
25 43
43 44
43 49
17 43
33 43
37 47
29 47
8 47
47 49
17 47
33 47
37 44
7 37
37 49
17 37
33 37
37 41
37 48
8 29
29 44
7 29
29 49
17 29
29 33
29 48
8 25
8 44
7 8
8 49
8 17
8 33
8 48
25 33
25 41
25 48
41 44
7 33
7 48
17 49
33 49
48 49
17 33
17 48
33 41
