443.0000000000 857.0000000000
333.8300000000 385.7500000000
364.4300000000 733.1500000000
202.0000000000 734.0000000000
520.6600000000 431.1000000000
202.0000000000 734.0000000000
333.8300000000 385.7500000000
856.0000000000 815.0000000000
798.0000000000 215.0000000000
306.0000000000 464.0000000000
953.0000000000 967.0000000000
874.0000000000 982.0000000000
433.0000000000 434.0000000000
254.0000000000 582.0000000000
364.4300000000 733.1500000000
759.0000000000 90.0000000000
421.1500000000 499.7500000000
895.0000000000 288.0000000000
333.8300000000 385.7500000000
660.2857142857 544.8571428571
330.0000000000 37.0000000000
759.0000000000 90.0000000000
457.1428571429 563.4285714286
677.0000000000 530.0000000000
364.4300000000 733.1500000000
798.0000000000 215.0000000000
236.0000000000 223.0000000000
518.0000000000 321.5000000000
624.0000000000 974.0000000000
600.0000000000 36.0000000000
540.3333333333 310.6666666667
480.6666666667 585.3333333333
364.4300000000 733.1500000000
820.0000000000 586.0000000000
361.6600000000 307.5000000000
657.0000000000 293.0000000000
707.8300000000 359.5500000000
570.0000000000 277.0000000000
703.0000000000 297.0000000000
252.0000000000 654.0000000000
364.4300000000 733.1500000000
421.0000000000 860.0000000000
443.0000000000 857.0000000000
285.0000000000 795.0000000000
706.0000000000 606.0000000000
361.6600000000 307.5000000000
421.1500000000 499.7500000000
587.0000000000 406.0000000000
330.0000000000 37.0000000000
615.0000000000 845.0000000000
773.0000000000 913.0000000000
711.0000000000 594.5000000000
364.4300000000 733.1500000000
397.0000000000 99.0000000000
895.0000000000 288.0000000000
