78.0000000000 305.0000000000
609.0000000000 229.0000000000
497.0000000000 311.0000000000
99.0000000000 204.0000000000
863.0000000000 151.0000000000
97.0000000000 734.0000000000
243.0000000000 331.0000000000
54.0000000000 303.0000000000
537.0000000000 293.0000000000
12.0000000000 22.0000000000
577.0000000000 845.0000000000
859.0000000000 160.0000000000
932.0000000000 774.0000000000
362.0000000000 907.0000000000
629.0000000000 871.0000000000
573.0000000000 950.0000000000
603.0000000000 202.0000000000
7.0000000000 765.0000000000
891.0000000000 749.0000000000
578.0000000000 108.0000000000
794.0000000000 205.0000000000
430.0000000000 764.0000000000
331.0000000000 263.0000000000
965.0000000000 849.0000000000
884.0000000000 775.0000000000
744.0000000000 408.0000000000
218.0000000000 527.0000000000
126.0000000000 72.0000000000
131.0000000000 711.0000000000
965.0000000000 186.0000000000
72.0000000000 457.0000000000
334.0000000000 232.0000000000
754.0000000000 574.0000000000
14.0000000000 11.0000000000
307.0000000000 488.0000000000
286.0000000000 875.0000000000
897.0000000000 266.0000000000
239.0000000000 215.0000000000
878.0000000000 165.0000000000
653.0000000000 335.0000000000
349.0000000000 799.0000000000
736.0000000000 480.0000000000
65.0000000000 971.0000000000
109.0000000000 981.0000000000
297.0000000000 139.0000000000
804.0000000000 407.0000000000
699.0000000000 702.0000000000
107.0000000000 187.0000000000
813.0000000000 420.0000000000
175.0000000000 493.0000000000
562.0000000000 561.0000000000
80.0000000000 988.0000000000
531.0000000000 919.0000000000
627.0000000000 960.0000000000
316.0000000000 613.0000000000
