100 4950
-1 -1
573 528
633 79
-1 -1
-1 -1
-1 -1
58 756
416 725
848 651
981 929
-1 -1
-1 -1
479 879
830 342
367 669
-1 -1
-1 -1
-1 -1
33 679
340 959
757 70
-1 -1
899 790
38 402
171 134
959 105
99 958
-1 -1
377 963
-1 -1
-1 -1
-1 -1
-1 -1
277 887
846 95
-1 -1
-1 -1
-1 -1
-1 -1
-1 -1
398 443
-1 -1
-1 -1
346 798
843 715
-1 -1
907 38
-1 -1
-1 -1
-1 -1
62 579
-1 -1
-1 -1
332 245
879 760
-1 -1
-1 -1
-1 -1
-1 -1
850 25
577 791
363 667
-1 -1
38 162
478 973
364 724
813 60
-1 -1
-1 -1
350 743
530 328
895 970
-1 -1
189 688
657 494
-1 -1
603 515
-1 -1
-1 -1
-1 -1
534 852
861 826
-1 -1
953 553
-1 -1
-1 -1
582 632
204 631
-1 -1
-1 -1
576 535
-1 -1
27 878
-1 -1
-1 -1
48 529
-1 -1
751 534
972 682
-1 -1
62 72
9 72
72 82
52 72
19 72
72 87
63 72
33 72
53 72
35 72
43 72
42 72
1 72
17 72
8 72
68 72
21 72
72 74
72 85
66 72
32 72
6 72
47 72
64 72
72 80
59 72
72 89
2 72
37 72
50 72
12 72
23 72
14 72
69 72
29 72
5 72
72 93
72 99
72 95
34 72
31 72
72 86
72 84
72 92
72 91
49 72
72 78
20 72
13 72
38 72
70 72
48 72
72 96
4 72
36 72
57 72
61 72
18 72
65 72
28 72
72 77
10 72
22 72
72 83
71 72
72 88
72 76
72 73
46 72
72 81
72 94
72 90
41 72
3 72
45 72
24 72
72 100
72 75
15 72
11 72
27 72
44 72
72 79
72 98
30 72
72 97
58 72
7 72
25 72
60 72
54 72
40 72
67 72
55 72
16 72
26 72
56 72
51 72
39 72
9 62
62 82
52 62
19 62
62 87
62 63
33 62
53 62
35 62
43 62
42 62
1 62
17 62
8 62
62 68
21 62
62 74
62 85
62 66
32 62
6 62
47 62
62 64
62 80
59 62
62 89
2 62
37 62
50 62
12 62
23 62
14 62
62 69
29 62
5 62
62 93
62 99
62 95
34 62
31 62
62 86
62 84
62 92
62 91
49 62
62 78
20 62
13 62
38 62
62 70
48 62
62 96
4 62
36 62
57 62
61 62
18 62
62 65
28 62
62 77
10 62
22 62
62 83
62 71
62 88
62 76
62 73
46 62
62 81
62 94
62 90
41 62
3 62
45 62
24 62
62 100
62 75
15 62
11 62
27 62
44 62
62 79
62 98
30 62
62 97
58 62
7 62
25 62
60 62
54 62
40 62
62 67
55 62
16 62
26 62
56 62
51 62
39 62
9 82
9 52
9 19
9 87
9 63
9 33
9 53
9 35
9 43
9 42
1 9
9 17
8 9
9 68
9 21
9 74
9 85
9 66
9 32
6 9
9 47
9 64
9 80
9 59
9 89
2 9
9 37
9 50
9 12
9 23
9 14
9 69
9 29
5 9
9 93
9 99
9 95
9 34
9 31
9 86
9 84
9 92
9 91
9 49
9 78
9 20
9 13
9 38
9 70
9 48
9 96
4 9
9 36
9 57
9 61
9 18
9 65
9 28
9 77
9 10
9 22
9 83
9 71
9 88
9 76
9 73
9 46
9 81
9 94
9 90
9 41
3 9
9 45
9 24
9 100
9 75
9 15
9 11
9 27
9 44
9 79
9 98
9 30
9 97
9 58
7 9
9 25
9 60
9 54
9 40
9 67
9 55
9 16
9 26
9 56
9 51
9 39
52 82
19 82
82 87
63 82
33 82
53 82
35 82
43 82
42 82
1 82
17 82
8 82
68 82
21 82
74 82
82 85
66 82
32 82
6 82
47 82
64 82
80 82
59 82
82 89
2 82
37 82
50 82
12 82
23 82
14 82
69 82
29 82
5 82
82 93
82 99
82 95
34 82
31 82
82 86
82 84
82 92
82 91
49 82
78 82
20 82
13 82
38 82
70 82
48 82
82 96
4 82
36 82
57 82
61 82
18 82
65 82
28 82
77 82
10 82
22 82
82 83
71 82
82 88
76 82
73 82
46 82
81 82
82 94
82 90
41 82
3 82
45 82
24 82
82 100
75 82
15 82
11 82
27 82
44 82
79 82
82 98
30 82
82 97
58 82
7 82
25 82
60 82
54 82
40 82
67 82
55 82
16 82
26 82
56 82
51 82
39 82
19 52
52 87
52 63
33 52
52 53
35 52
43 52
42 52
1 52
17 52
8 52
52 68
21 52
52 74
52 85
52 66
32 52
6 52
47 52
52 64
52 80
52 59
52 89
2 52
37 52
50 52
12 52
23 52
14 52
52 69
29 52
5 52
52 93
52 99
52 95
34 52
31 52
52 86
52 84
52 92
52 91
49 52
52 78
20 52
13 52
38 52
52 70
48 52
52 96
4 52
36 52
52 57
52 61
18 52
52 65
28 52
52 77
10 52
22 52
52 83
52 71
52 88
52 76
52 73
46 52
52 81
52 94
52 90
41 52
3 52
45 52
24 52
52 100
52 75
15 52
11 52
27 52
44 52
52 79
52 98
30 52
52 97
52 58
7 52
25 52
52 60
52 54
40 52
52 67
52 55
16 52
26 52
52 56
51 52
39 52
19 87
19 63
19 33
19 53
19 35
19 43
19 42
1 19
17 19
8 19
19 68
19 21
19 74
19 85
19 66
19 32
6 19
19 47
19 64
19 80
19 59
19 89
2 19
19 37
19 50
12 19
19 23
14 19
19 69
19 29
5 19
19 93
19 99
19 95
19 34
19 31
19 86
19 84
19 92
19 91
19 49
19 78
19 20
13 19
19 38
19 70
19 48
19 96
4 19
19 36
19 57
19 61
18 19
19 65
19 28
19 77
10 19
19 22
19 83
19 71
19 88
19 76
19 73
19 46
19 81
19 94
19 90
19 41
3 19
19 45
19 24
19 100
19 75
15 19
11 19
19 27
19 44
19 79
19 98
19 30
19 97
19 58
7 19
19 25
19 60
19 54
19 40
19 67
19 55
16 19
19 26
19 56
19 51
19 39
63 87
33 87
53 87
35 87
43 87
42 87
1 87
17 87
8 87
68 87
21 87
74 87
85 87
66 87
32 87
6 87
47 87
64 87
80 87
59 87
87 89
2 87
37 87
50 87
12 87
23 87
14 87
69 87
29 87
5 87
87 93
87 99
87 95
34 87
31 87
86 87
84 87
87 92
87 91
49 87
78 87
20 87
13 87
38 87
70 87
48 87
87 96
4 87
36 87
57 87
61 87
18 87
65 87
28 87
77 87
10 87
22 87
83 87
71 87
87 88
76 87
73 87
46 87
81 87
87 94
87 90
41 87
3 87
45 87
24 87
87 100
75 87
15 87
11 87
27 87
44 87
79 87
87 98
30 87
87 97
58 87
7 87
25 87
60 87
54 87
40 87
67 87
55 87
16 87
26 87
56 87
51 87
39 87
33 63
53 63
35 63
43 63
42 63
1 63
17 63
8 63
63 68
21 63
63 74
63 85
63 66
32 63
6 63
47 63
63 64
63 80
59 63
63 89
2 63
37 63
50 63
12 63
23 63
14 63
63 69
29 63
5 63
63 93
63 99
63 95
34 63
31 63
63 86
63 84
63 92
63 91
49 63
63 78
20 63
13 63
38 63
63 70
48 63
63 96
4 63
36 63
57 63
61 63
18 63
63 65
28 63
63 77
10 63
22 63
63 83
63 71
63 88
63 76
63 73
46 63
63 81
63 94
63 90
41 63
3 63
45 63
24 63
63 100
63 75
15 63
11 63
27 63
44 63
63 79
63 98
30 63
63 97
58 63
7 63
25 63
60 63
54 63
40 63
63 67
55 63
16 63
26 63
56 63
51 63
39 63
33 53
33 35
33 43
33 42
1 33
17 33
8 33
33 68
21 33
33 74
33 85
33 66
32 33
6 33
33 47
33 64
33 80
33 59
33 89
2 33
33 37
33 50
12 33
23 33
14 33
33 69
29 33
5 33
33 93
33 99
33 95
33 34
31 33
33 86
33 84
33 92
33 91
33 49
33 78
20 33
13 33
33 38
33 70
33 48
33 96
4 33
33 36
33 57
33 61
18 33
33 65
28 33
33 77
10 33
22 33
33 83
33 71
33 88
33 76
33 73
33 46
33 81
33 94
33 90
33 41
3 33
33 45
24 33
33 100
33 75
15 33
11 33
27 33
33 44
33 79
33 98
30 33
33 97
33 58
7 33
25 33
33 60
33 54
33 40
33 67
33 55
16 33
26 33
33 56
33 51
33 39
35 53
43 53
42 53
1 53
17 53
8 53
53 68
21 53
53 74
53 85
53 66
32 53
6 53
47 53
53 64
53 80
53 59
53 89
2 53
37 53
50 53
12 53
23 53
14 53
53 69
29 53
5 53
53 93
53 99
53 95
34 53
31 53
53 86
53 84
53 92
53 91
49 53
53 78
20 53
13 53
38 53
53 70
48 53
53 96
4 53
36 53
53 57
53 61
18 53
53 65
28 53
53 77
10 53
22 53
53 83
53 71
53 88
53 76
53 73
46 53
53 81
53 94
53 90
41 53
3 53
45 53
24 53
53 100
53 75
15 53
11 53
27 53
44 53
53 79
53 98
30 53
53 97
53 58
7 53
25 53
53 60
53 54
40 53
53 67
53 55
16 53
26 53
53 56
51 53
39 53
35 43
35 42
1 35
17 35
8 35
35 68
21 35
35 74
35 85
35 66
32 35
6 35
35 47
35 64
35 80
35 59
35 89
2 35
35 37
35 50
12 35
23 35
14 35
35 69
29 35
5 35
35 93
35 99
35 95
34 35
31 35
35 86
35 84
35 92
35 91
35 49
35 78
20 35
13 35
35 38
35 70
35 48
35 96
4 35
35 36
35 57
35 61
18 35
35 65
28 35
35 77
10 35
22 35
35 83
35 71
35 88
35 76
35 73
35 46
35 81
35 94
35 90
35 41
3 35
35 45
24 35
35 100
35 75
15 35
11 35
27 35
35 44
35 79
35 98
30 35
35 97
35 58
7 35
25 35
35 60
35 54
35 40
35 67
35 55
16 35
26 35
35 56
35 51
35 39
42 43
1 43
17 43
8 43
43 68
21 43
43 74
43 85
43 66
32 43
6 43
43 47
43 64
43 80
43 59
43 89
2 43
37 43
43 50
12 43
23 43
14 43
43 69
29 43
5 43
43 93
43 99
43 95
34 43
31 43
43 86
43 84
43 92
43 91
43 49
43 78
20 43
13 43
38 43
43 70
43 48
43 96
4 43
36 43
43 57
43 61
18 43
43 65
28 43
43 77
10 43
22 43
43 83
43 71
43 88
43 76
43 73
43 46
43 81
43 94
43 90
41 43
3 43
43 45
24 43
43 100
43 75
15 43
11 43
27 43
43 44
43 79
43 98
30 43
43 97
43 58
7 43
25 43
43 60
43 54
40 43
43 67
43 55
16 43
26 43
43 56
43 51
39 43
1 42
17 42
8 42
42 68
21 42
42 74
42 85
42 66
32 42
6 42
42 47
42 64
42 80
42 59
42 89
2 42
37 42
42 50
12 42
23 42
14 42
42 69
29 42
5 42
42 93
42 99
42 95
34 42
31 42
42 86
42 84
42 92
42 91
42 49
42 78
20 42
13 42
38 42
42 70
42 48
42 96
4 42
36 42
42 57
42 61
18 42
42 65
28 42
42 77
10 42
22 42
42 83
42 71
42 88
42 76
42 73
42 46
42 81
42 94
42 90
41 42
3 42
42 45
24 42
42 100
42 75
15 42
11 42
27 42
42 44
42 79
42 98
30 42
42 97
42 58
7 42
25 42
42 60
42 54
40 42
42 67
42 55
16 42
26 42
42 56
42 51
39 42
1 17
1 8
1 68
1 21
1 74
1 85
1 66
1 32
1 6
1 47
1 64
1 80
1 59
1 89
1 2
1 37
1 50
1 12
1 23
1 14
1 69
1 29
1 5
1 93
1 99
1 95
1 34
1 31
1 86
1 84
1 92
1 91
1 49
1 78
1 20
1 13
1 38
1 70
1 48
1 96
1 4
1 36
1 57
1 61
1 18
1 65
1 28
1 77
1 10
1 22
1 83
1 71
1 88
1 76
1 73
1 46
1 81
1 94
1 90
1 41
1 3
1 45
1 24
1 100
1 75
1 15
1 11
1 27
1 44
1 79
1 98
1 30
1 97
1 58
1 7
1 25
1 60
1 54
1 40
1 67
1 55
1 16
1 26
1 56
1 51
1 39
8 17
17 68
17 21
17 74
17 85
17 66
17 32
6 17
17 47
17 64
17 80
17 59
17 89
2 17
17 37
17 50
12 17
17 23
14 17
17 69
17 29
5 17
17 93
17 99
17 95
17 34
17 31
17 86
17 84
17 92
17 91
17 49
17 78
17 20
13 17
17 38
17 70
17 48
17 96
4 17
17 36
17 57
17 61
17 18
17 65
17 28
17 77
10 17
17 22
17 83
17 71
17 88
17 76
17 73
17 46
17 81
17 94
17 90
17 41
3 17
17 45
17 24
17 100
17 75
15 17
11 17
17 27
17 44
17 79
17 98
17 30
17 97
17 58
7 17
17 25
17 60
17 54
17 40
17 67
17 55
16 17
17 26
17 56
17 51
17 39
8 68
8 21
8 74
8 85
8 66
8 32
6 8
8 47
8 64
8 80
8 59
8 89
2 8
8 37
8 50
8 12
8 23
8 14
8 69
8 29
5 8
8 93
8 99
8 95
8 34
8 31
8 86
8 84
8 92
8 91
8 49
8 78
8 20
8 13
8 38
8 70
8 48
8 96
4 8
8 36
8 57
8 61
8 18
8 65
8 28
8 77
8 10
8 22
8 83
8 71
8 88
8 76
8 73
8 46
8 81
8 94
8 90
8 41
3 8
8 45
8 24
8 100
8 75
8 15
8 11
8 27
8 44
8 79
8 98
8 30
8 97
8 58
7 8
8 25
8 60
8 54
8 40
8 67
8 55
8 16
8 26
8 56
8 51
8 39
21 68
68 74
68 85
66 68
32 68
6 68
47 68
64 68
68 80
59 68
68 89
2 68
37 68
50 68
12 68
23 68
14 68
68 69
29 68
5 68
68 93
68 99
68 95
34 68
31 68
68 86
68 84
68 92
68 91
49 68
68 78
20 68
13 68
38 68
68 70
48 68
68 96
4 68
36 68
57 68
61 68
18 68
65 68
28 68
68 77
10 68
22 68
68 83
68 71
68 88
68 76
68 73
46 68
68 81
68 94
68 90
41 68
3 68
45 68
24 68
68 100
68 75
15 68
11 68
27 68
44 68
68 79
68 98
30 68
68 97
58 68
7 68
25 68
60 68
54 68
40 68
67 68
55 68
16 68
26 68
56 68
51 68
39 68
21 74
21 85
21 66
21 32
6 21
21 47
21 64
21 80
21 59
21 89
2 21
21 37
21 50
12 21
21 23
14 21
21 69
21 29
5 21
21 93
21 99
21 95
21 34
21 31
21 86
21 84
21 92
21 91
21 49
21 78
20 21
13 21
21 38
21 70
21 48
21 96
4 21
21 36
21 57
21 61
18 21
21 65
21 28
21 77
10 21
21 22
21 83
21 71
21 88
21 76
21 73
21 46
21 81
21 94
21 90
21 41
3 21
21 45
21 24
21 100
21 75
15 21
11 21
21 27
21 44
21 79
21 98
21 30
21 97
21 58
7 21
21 25
21 60
21 54
21 40
21 67
21 55
16 21
21 26
21 56
21 51
21 39
74 85
66 74
32 74
6 74
47 74
64 74
74 80
59 74
74 89
2 74
37 74
50 74
12 74
23 74
14 74
69 74
29 74
5 74
74 93
74 99
74 95
34 74
31 74
74 86
74 84
74 92
74 91
49 74
74 78
20 74
13 74
38 74
70 74
48 74
74 96
4 74
36 74
57 74
61 74
18 74
65 74
28 74
74 77
10 74
22 74
74 83
71 74
74 88
74 76
73 74
46 74
74 81
74 94
74 90
41 74
3 74
45 74
24 74
74 100
74 75
15 74
11 74
27 74
44 74
74 79
74 98
30 74
74 97
58 74
7 74
25 74
60 74
54 74
40 74
67 74
55 74
16 74
26 74
56 74
51 74
39 74
66 85
32 85
6 85
47 85
64 85
80 85
59 85
85 89
2 85
37 85
50 85
12 85
23 85
14 85
69 85
29 85
5 85
85 93
85 99
85 95
34 85
31 85
85 86
84 85
85 92
85 91
49 85
78 85
20 85
13 85
38 85
70 85
48 85
85 96
4 85
36 85
57 85
61 85
18 85
65 85
28 85
77 85
10 85
22 85
83 85
71 85
85 88
76 85
73 85
46 85
81 85
85 94
85 90
41 85
3 85
45 85
24 85
85 100
75 85
15 85
11 85
27 85
44 85
79 85
85 98
30 85
85 97
58 85
7 85
25 85
60 85
54 85
40 85
67 85
55 85
16 85
26 85
56 85
51 85
39 85
32 66
6 66
47 66
64 66
66 80
59 66
66 89
2 66
37 66
50 66
12 66
23 66
14 66
66 69
29 66
5 66
66 93
66 99
66 95
34 66
31 66
66 86
66 84
66 92
66 91
49 66
66 78
20 66
13 66
38 66
66 70
48 66
66 96
4 66
36 66
57 66
61 66
18 66
65 66
28 66
66 77
10 66
22 66
66 83
66 71
66 88
66 76
66 73
46 66
66 81
66 94
66 90
41 66
3 66
45 66
24 66
66 100
66 75
15 66
11 66
27 66
44 66
66 79
66 98
30 66
66 97
58 66
7 66
25 66
60 66
54 66
40 66
66 67
55 66
16 66
26 66
56 66
51 66
39 66
6 32
32 47
32 64
32 80
32 59
32 89
2 32
32 37
32 50
12 32
23 32
14 32
32 69
29 32
5 32
32 93
32 99
32 95
32 34
31 32
32 86
32 84
32 92
32 91
32 49
32 78
20 32
13 32
32 38
32 70
32 48
32 96
4 32
32 36
32 57
32 61
18 32
32 65
28 32
32 77
10 32
22 32
32 83
32 71
32 88
32 76
32 73
32 46
32 81
32 94
32 90
32 41
3 32
32 45
24 32
32 100
32 75
15 32
11 32
27 32
32 44
32 79
32 98
30 32
32 97
32 58
7 32
25 32
32 60
32 54
32 40
32 67
32 55
16 32
26 32
32 56
32 51
32 39
6 47
6 64
6 80
6 59
6 89
2 6
6 37
6 50
6 12
6 23
6 14
6 69
6 29
5 6
6 93
6 99
6 95
6 34
6 31
6 86
6 84
6 92
6 91
6 49
6 78
6 20
6 13
6 38
6 70
6 48
6 96
4 6
6 36
6 57
6 61
6 18
6 65
6 28
6 77
6 10
6 22
6 83
6 71
6 88
6 76
6 73
6 46
6 81
6 94
6 90
6 41
3 6
6 45
6 24
6 100
6 75
6 15
6 11
6 27
6 44
6 79
6 98
6 30
6 97
6 58
6 7
6 25
6 60
6 54
6 40
6 67
6 55
6 16
6 26
6 56
6 51
6 39
47 64
47 80
47 59
47 89
2 47
37 47
47 50
12 47
23 47
14 47
47 69
29 47
5 47
47 93
47 99
47 95
34 47
31 47
47 86
47 84
47 92
47 91
47 49
47 78
20 47
13 47
38 47
47 70
47 48
47 96
4 47
36 47
47 57
47 61
18 47
47 65
28 47
47 77
10 47
22 47
47 83
47 71
47 88
47 76
47 73
46 47
47 81
47 94
47 90
41 47
3 47
45 47
24 47
47 100
47 75
15 47
11 47
27 47
44 47
47 79
47 98
30 47
47 97
47 58
7 47
25 47
47 60
47 54
40 47
47 67
47 55
16 47
26 47
47 56
47 51
39 47
64 80
59 64
64 89
2 64
37 64
50 64
12 64
23 64
14 64
64 69
29 64
5 64
64 93
64 99
64 95
34 64
31 64
64 86
64 84
64 92
64 91
49 64
64 78
20 64
13 64
38 64
64 70
48 64
64 96
4 64
36 64
57 64
61 64
18 64
64 65
28 64
64 77
10 64
22 64
64 83
64 71
64 88
64 76
64 73
46 64
64 81
64 94
64 90
41 64
3 64
45 64
24 64
64 100
64 75
15 64
11 64
27 64
44 64
64 79
64 98
30 64
64 97
58 64
7 64
25 64
60 64
54 64
40 64
64 67
55 64
16 64
26 64
56 64
51 64
39 64
59 80
80 89
2 80
37 80
50 80
12 80
23 80
14 80
69 80
29 80
5 80
80 93
80 99
80 95
34 80
31 80
80 86
80 84
80 92
80 91
49 80
78 80
20 80
13 80
38 80
70 80
48 80
80 96
4 80
36 80
57 80
61 80
18 80
65 80
28 80
77 80
10 80
22 80
80 83
71 80
80 88
76 80
73 80
46 80
80 81
80 94
80 90
41 80
3 80
45 80
24 80
80 100
75 80
15 80
11 80
27 80
44 80
79 80
80 98
30 80
80 97
58 80
7 80
25 80
60 80
54 80
40 80
67 80
55 80
16 80
26 80
56 80
51 80
39 80
59 89
2 59
37 59
50 59
12 59
23 59
14 59
59 69
29 59
5 59
59 93
59 99
59 95
34 59
31 59
59 86
59 84
59 92
59 91
49 59
59 78
20 59
13 59
38 59
59 70
48 59
59 96
4 59
36 59
57 59
59 61
18 59
59 65
28 59
59 77
10 59
22 59
59 83
59 71
59 88
59 76
59 73
46 59
59 81
59 94
59 90
41 59
3 59
45 59
24 59
59 100
59 75
15 59
11 59
27 59
44 59
59 79
59 98
30 59
59 97
58 59
7 59
25 59
59 60
54 59
40 59
59 67
55 59
16 59
26 59
56 59
51 59
39 59
2 89
37 89
50 89
12 89
23 89
14 89
69 89
29 89
5 89
89 93
89 99
89 95
34 89
31 89
86 89
84 89
89 92
89 91
49 89
78 89
20 89
13 89
38 89
70 89
48 89
89 96
4 89
36 89
57 89
61 89
18 89
65 89
28 89
77 89
10 89
22 89
83 89
71 89
88 89
76 89
73 89
46 89
81 89
89 94
89 90
41 89
3 89
45 89
24 89
89 100
75 89
15 89
11 89
27 89
44 89
79 89
89 98
30 89
89 97
58 89
7 89
25 89
60 89
54 89
40 89
67 89
55 89
16 89
26 89
56 89
51 89
39 89
2 37
2 50
2 12
2 23
2 14
2 69
2 29
2 5
2 93
2 99
2 95
2 34
2 31
2 86
2 84
2 92
2 91
2 49
2 78
2 20
2 13
2 38
2 70
2 48
2 96
2 4
2 36
2 57
2 61
2 18
2 65
2 28
2 77
2 10
2 22
2 83
2 71
2 88
2 76
2 73
2 46
2 81
2 94
2 90
2 41
2 3
2 45
2 24
2 100
2 75
2 15
2 11
2 27
2 44
2 79
2 98
2 30
2 97
2 58
2 7
2 25
2 60
2 54
2 40
2 67
2 55
2 16
2 26
2 56
2 51
2 39
37 50
12 37
23 37
14 37
37 69
29 37
5 37
37 93
37 99
37 95
34 37
31 37
37 86
37 84
37 92
37 91
37 49
37 78
20 37
13 37
37 38
37 70
37 48
37 96
4 37
36 37
37 57
37 61
18 37
37 65
28 37
37 77
10 37
22 37
37 83
37 71
37 88
37 76
37 73
37 46
37 81
37 94
37 90
37 41
3 37
37 45
24 37
37 100
37 75
15 37
11 37
27 37
37 44
37 79
37 98
30 37
37 97
37 58
7 37
25 37
37 60
37 54
37 40
37 67
37 55
16 37
26 37
37 56
37 51
37 39
12 50
23 50
14 50
50 69
29 50
5 50
50 93
50 99
50 95
34 50
31 50
50 86
50 84
50 92
50 91
49 50
50 78
20 50
13 50
38 50
50 70
48 50
50 96
4 50
36 50
50 57
50 61
18 50
50 65
28 50
50 77
10 50
22 50
50 83
50 71
50 88
50 76
50 73
46 50
50 81
50 94
50 90
41 50
3 50
45 50
24 50
50 100
50 75
15 50
11 50
27 50
44 50
50 79
50 98
30 50
50 97
50 58
7 50
25 50
50 60
50 54
40 50
50 67
50 55
16 50
26 50
50 56
50 51
39 50
12 23
12 14
12 69
12 29
5 12
12 93
12 99
12 95
12 34
12 31
12 86
12 84
12 92
12 91
12 49
12 78
12 20
12 13
12 38
12 70
12 48
12 96
4 12
12 36
12 57
12 61
12 18
12 65
12 28
12 77
10 12
12 22
12 83
12 71
12 88
12 76
12 73
12 46
12 81
12 94
12 90
12 41
3 12
12 45
12 24
12 100
12 75
12 15
11 12
12 27
12 44
12 79
12 98
12 30
12 97
12 58
7 12
12 25
12 60
12 54
12 40
12 67
12 55
12 16
12 26
12 56
12 51
12 39
14 23
23 69
23 29
5 23
23 93
23 99
23 95
23 34
23 31
23 86
23 84
23 92
23 91
23 49
23 78
20 23
13 23
23 38
23 70
23 48
23 96
4 23
23 36
23 57
23 61
18 23
23 65
23 28
23 77
10 23
22 23
23 83
23 71
23 88
23 76
23 73
23 46
23 81
23 94
23 90
23 41
3 23
23 45
23 24
23 100
23 75
15 23
11 23
23 27
23 44
23 79
23 98
23 30
23 97
23 58
7 23
23 25
23 60
23 54
23 40
23 67
23 55
16 23
23 26
23 56
23 51
23 39
14 69
14 29
5 14
14 93
14 99
14 95
14 34
14 31
14 86
14 84
14 92
14 91
14 49
14 78
14 20
13 14
14 38
14 70
14 48
14 96
4 14
14 36
14 57
14 61
14 18
14 65
14 28
14 77
10 14
14 22
14 83
14 71
14 88
14 76
14 73
14 46
14 81
14 94
14 90
14 41
3 14
14 45
14 24
14 100
14 75
14 15
11 14
14 27
14 44
14 79
14 98
14 30
14 97
14 58
7 14
14 25
14 60
14 54
14 40
14 67
14 55
14 16
14 26
14 56
14 51
14 39
29 69
5 69
69 93
69 99
69 95
34 69
31 69
69 86
69 84
69 92
69 91
49 69
69 78
20 69
13 69
38 69
69 70
48 69
69 96
4 69
36 69
57 69
61 69
18 69
65 69
28 69
69 77
10 69
22 69
69 83
69 71
69 88
69 76
69 73
46 69
69 81
69 94
69 90
41 69
3 69
45 69
24 69
69 100
69 75
15 69
11 69
27 69
44 69
69 79
69 98
30 69
69 97
58 69
7 69
25 69
60 69
54 69
40 69
67 69
55 69
16 69
26 69
56 69
51 69
39 69
5 29
29 93
29 99
29 95
29 34
29 31
29 86
29 84
29 92
29 91
29 49
29 78
20 29
13 29
29 38
29 70
29 48
29 96
4 29
29 36
29 57
29 61
18 29
29 65
28 29
29 77
10 29
22 29
29 83
29 71
29 88
29 76
29 73
29 46
29 81
29 94
29 90
29 41
3 29
29 45
24 29
29 100
29 75
15 29
11 29
27 29
29 44
29 79
29 98
29 30
29 97
29 58
7 29
25 29
29 60
29 54
29 40
29 67
29 55
16 29
26 29
29 56
29 51
29 39
5 93
5 99
5 95
5 34
5 31
5 86
5 84
5 92
5 91
5 49
5 78
5 20
5 13
5 38
5 70
5 48
5 96
4 5
5 36
5 57
5 61
5 18
5 65
5 28
5 77
5 10
5 22
5 83
5 71
5 88
5 76
5 73
5 46
5 81
5 94
5 90
5 41
3 5
5 45
5 24
5 100
5 75
5 15
5 11
5 27
5 44
5 79
5 98
5 30
5 97
5 58
5 7
5 25
5 60
5 54
5 40
5 67
5 55
5 16
5 26
5 56
5 51
5 39
93 99
93 95
34 93
31 93
86 93
84 93
92 93
91 93
49 93
78 93
20 93
13 93
38 93
70 93
48 93
93 96
4 93
36 93
57 93
61 93
18 93
65 93
28 93
77 93
10 93
22 93
83 93
71 93
88 93
76 93
73 93
46 93
81 93
93 94
90 93
41 93
3 93
45 93
24 93
93 100
75 93
15 93
11 93
27 93
44 93
79 93
93 98
30 93
93 97
58 93
7 93
25 93
60 93
54 93
40 93
67 93
55 93
16 93
26 93
56 93
51 93
39 93
95 99
34 99
31 99
86 99
84 99
92 99
91 99
49 99
78 99
20 99
13 99
38 99
70 99
48 99
96 99
4 99
36 99
57 99
61 99
18 99
65 99
28 99
77 99
10 99
22 99
83 99
71 99
88 99
76 99
73 99
46 99
81 99
94 99
90 99
41 99
3 99
45 99
24 99
99 100
75 99
15 99
11 99
27 99
44 99
79 99
98 99
30 99
97 99
58 99
7 99
25 99
60 99
54 99
40 99
67 99
55 99
16 99
26 99
56 99
51 99
39 99
34 95
31 95
86 95
84 95
92 95
91 95
49 95
78 95
20 95
13 95
38 95
70 95
48 95
95 96
4 95
36 95
57 95
61 95
18 95
65 95
28 95
77 95
10 95
22 95
83 95
71 95
88 95
76 95
73 95
46 95
81 95
94 95
90 95
41 95
3 95
45 95
24 95
95 100
75 95
15 95
11 95
27 95
44 95
79 95
95 98
30 95
95 97
58 95
7 95
25 95
60 95
54 95
40 95
67 95
55 95
16 95
26 95
56 95
51 95
39 95
31 34
34 86
34 84
34 92
34 91
34 49
34 78
20 34
13 34
34 38
34 70
34 48
34 96
4 34
34 36
34 57
34 61
18 34
34 65
28 34
34 77
10 34
22 34
34 83
34 71
34 88
34 76
34 73
34 46
34 81
34 94
34 90
34 41
3 34
34 45
24 34
34 100
34 75
15 34
11 34
27 34
34 44
34 79
34 98
30 34
34 97
34 58
7 34
25 34
34 60
34 54
34 40
34 67
34 55
16 34
26 34
34 56
34 51
34 39
31 86
31 84
31 92
31 91
31 49
31 78
20 31
13 31
31 38
31 70
31 48
31 96
4 31
31 36
31 57
31 61
18 31
31 65
28 31
31 77
10 31
22 31
31 83
31 71
31 88
31 76
31 73
31 46
31 81
31 94
31 90
31 41
3 31
31 45
24 31
31 100
31 75
15 31
11 31
27 31
31 44
31 79
31 98
30 31
31 97
31 58
7 31
25 31
31 60
31 54
31 40
31 67
31 55
16 31
26 31
31 56
31 51
31 39
84 86
86 92
86 91
49 86
78 86
20 86
13 86
38 86
70 86
48 86
86 96
4 86
36 86
57 86
61 86
18 86
65 86
28 86
77 86
10 86
22 86
83 86
71 86
86 88
76 86
73 86
46 86
81 86
86 94
86 90
41 86
3 86
45 86
24 86
86 100
75 86
15 86
11 86
27 86
44 86
79 86
86 98
30 86
86 97
58 86
7 86
25 86
60 86
54 86
40 86
67 86
55 86
16 86
26 86
56 86
51 86
39 86
84 92
84 91
49 84
78 84
20 84
13 84
38 84
70 84
48 84
84 96
4 84
36 84
57 84
61 84
18 84
65 84
28 84
77 84
10 84
22 84
83 84
71 84
84 88
76 84
73 84
46 84
81 84
84 94
84 90
41 84
3 84
45 84
24 84
84 100
75 84
15 84
11 84
27 84
44 84
79 84
84 98
30 84
84 97
58 84
7 84
25 84
60 84
54 84
40 84
67 84
55 84
16 84
26 84
56 84
51 84
39 84
91 92
49 92
78 92
20 92
13 92
38 92
70 92
48 92
92 96
4 92
36 92
57 92
61 92
18 92
65 92
28 92
77 92
10 92
22 92
83 92
71 92
88 92
76 92
73 92
46 92
81 92
92 94
90 92
41 92
3 92
45 92
24 92
92 100
75 92
15 92
11 92
27 92
44 92
79 92
92 98
30 92
92 97
58 92
7 92
25 92
60 92
54 92
40 92
67 92
55 92
16 92
26 92
56 92
51 92
39 92
49 91
78 91
20 91
13 91
38 91
70 91
48 91
91 96
4 91
36 91
57 91
61 91
18 91
65 91
28 91
77 91
10 91
22 91
83 91
71 91
88 91
76 91
73 91
46 91
81 91
91 94
90 91
41 91
3 91
45 91
24 91
91 100
75 91
15 91
11 91
27 91
44 91
79 91
91 98
30 91
91 97
58 91
7 91
25 91
60 91
54 91
40 91
67 91
55 91
16 91
26 91
56 91
51 91
39 91
49 78
20 49
13 49
38 49
49 70
48 49
49 96
4 49
36 49
49 57
49 61
18 49
49 65
28 49
49 77
10 49
22 49
49 83
49 71
49 88
49 76
49 73
46 49
49 81
49 94
49 90
41 49
3 49
45 49
24 49
49 100
49 75
15 49
11 49
27 49
44 49
49 79
49 98
30 49
49 97
49 58
7 49
25 49
49 60
49 54
40 49
49 67
49 55
16 49
26 49
49 56
49 51
39 49
20 78
13 78
38 78
70 78
48 78
78 96
4 78
36 78
57 78
61 78
18 78
65 78
28 78
77 78
10 78
22 78
78 83
71 78
78 88
76 78
73 78
46 78
78 81
78 94
78 90
41 78
3 78
45 78
24 78
78 100
75 78
15 78
11 78
27 78
44 78
78 79
78 98
30 78
78 97
58 78
7 78
25 78
60 78
54 78
40 78
67 78
55 78
16 78
26 78
56 78
51 78
39 78
13 20
20 38
20 70
20 48
20 96
4 20
20 36
20 57
20 61
18 20
20 65
20 28
20 77
10 20
20 22
20 83
20 71
20 88
20 76
20 73
20 46
20 81
20 94
20 90
20 41
3 20
20 45
20 24
20 100
20 75
15 20
11 20
20 27
20 44
20 79
20 98
20 30
20 97
20 58
7 20
20 25
20 60
20 54
20 40
20 67
20 55
16 20
20 26
20 56
20 51
20 39
13 38
13 70
13 48
13 96
4 13
13 36
13 57
13 61
13 18
13 65
13 28
13 77
10 13
13 22
13 83
13 71
13 88
13 76
13 73
13 46
13 81
13 94
13 90
13 41
3 13
13 45
13 24
13 100
13 75
13 15
11 13
13 27
13 44
13 79
13 98
13 30
13 97
13 58
7 13
13 25
13 60
13 54
13 40
13 67
13 55
13 16
13 26
13 56
13 51
13 39
38 70
38 48
38 96
4 38
36 38
38 57
38 61
18 38
38 65
28 38
38 77
10 38
22 38
38 83
38 71
38 88
38 76
38 73
38 46
38 81
38 94
38 90
38 41
3 38
38 45
24 38
38 100
38 75
15 38
11 38
27 38
38 44
38 79
38 98
30 38
38 97
38 58
7 38
25 38
38 60
38 54
38 40
38 67
38 55
16 38
26 38
38 56
38 51
38 39
48 70
70 96
4 70
36 70
57 70
61 70
18 70
65 70
28 70
70 77
10 70
22 70
70 83
70 71
70 88
70 76
70 73
46 70
70 81
70 94
70 90
41 70
3 70
45 70
24 70
70 100
70 75
15 70
11 70
27 70
44 70
70 79
70 98
30 70
70 97
58 70
7 70
25 70
60 70
54 70
40 70
67 70
55 70
16 70
26 70
56 70
51 70
39 70
48 96
4 48
36 48
48 57
48 61
18 48
48 65
28 48
48 77
10 48
22 48
48 83
48 71
48 88
48 76
48 73
46 48
48 81
48 94
48 90
41 48
3 48
45 48
24 48
48 100
48 75
15 48
11 48
27 48
44 48
48 79
48 98
30 48
48 97
48 58
7 48
25 48
48 60
48 54
40 48
48 67
48 55
16 48
26 48
48 56
48 51
39 48
4 96
36 96
57 96
61 96
18 96
65 96
28 96
77 96
10 96
22 96
83 96
71 96
88 96
76 96
73 96
46 96
81 96
94 96
90 96
41 96
3 96
45 96
24 96
96 100
75 96
15 96
11 96
27 96
44 96
79 96
96 98
30 96
96 97
58 96
7 96
25 96
60 96
54 96
40 96
67 96
55 96
16 96
26 96
56 96
51 96
39 96
4 36
4 57
4 61
4 18
4 65
4 28
4 77
4 10
4 22
4 83
4 71
4 88
4 76
4 73
4 46
4 81
4 94
4 90
4 41
3 4
4 45
4 24
4 100
4 75
4 15
4 11
4 27
4 44
4 79
4 98
4 30
4 97
4 58
4 7
4 25
4 60
4 54
4 40
4 67
4 55
4 16
4 26
4 56
4 51
4 39
36 57
36 61
18 36
36 65
28 36
36 77
10 36
22 36
36 83
36 71
36 88
36 76
36 73
36 46
36 81
36 94
36 90
36 41
3 36
36 45
24 36
36 100
36 75
15 36
11 36
27 36
36 44
36 79
36 98
30 36
36 97
36 58
7 36
25 36
36 60
36 54
36 40
36 67
36 55
16 36
26 36
36 56
36 51
36 39
57 61
18 57
57 65
28 57
57 77
10 57
22 57
57 83
57 71
57 88
57 76
57 73
46 57
57 81
57 94
57 90
41 57
3 57
45 57
24 57
57 100
57 75
15 57
11 57
27 57
44 57
57 79
57 98
30 57
57 97
57 58
7 57
25 57
57 60
54 57
40 57
57 67
55 57
16 57
26 57
56 57
51 57
39 57
18 61
61 65
28 61
61 77
10 61
22 61
61 83
61 71
61 88
61 76
61 73
46 61
61 81
61 94
61 90
41 61
3 61
45 61
24 61
61 100
61 75
15 61
11 61
27 61
44 61
61 79
61 98
30 61
61 97
58 61
7 61
25 61
60 61
54 61
40 61
61 67
55 61
16 61
26 61
56 61
51 61
39 61
18 65
18 28
18 77
10 18
18 22
18 83
18 71
18 88
18 76
18 73
18 46
18 81
18 94
18 90
18 41
3 18
18 45
18 24
18 100
18 75
15 18
11 18
18 27
18 44
18 79
18 98
18 30
18 97
18 58
7 18
18 25
18 60
18 54
18 40
18 67
18 55
16 18
18 26
18 56
18 51
18 39
28 65
65 77
10 65
22 65
65 83
65 71
65 88
65 76
65 73
46 65
65 81
65 94
65 90
41 65
3 65
45 65
24 65
65 100
65 75
15 65
11 65
27 65
44 65
65 79
65 98
30 65
65 97
58 65
7 65
25 65
60 65
54 65
40 65
65 67
55 65
16 65
26 65
56 65
51 65
39 65
28 77
10 28
22 28
28 83
28 71
28 88
28 76
28 73
28 46
28 81
28 94
28 90
28 41
3 28
28 45
24 28
28 100
28 75
15 28
11 28
27 28
28 44
28 79
28 98
28 30
28 97
28 58
7 28
25 28
28 60
28 54
28 40
28 67
28 55
16 28
26 28
28 56
28 51
28 39
10 77
22 77
77 83
71 77
77 88
76 77
73 77
46 77
77 81
77 94
77 90
41 77
3 77
45 77
24 77
77 100
75 77
15 77
11 77
27 77
44 77
77 79
77 98
30 77
77 97
58 77
7 77
25 77
60 77
54 77
40 77
67 77
55 77
16 77
26 77
56 77
51 77
39 77
10 22
10 83
10 71
10 88
10 76
10 73
10 46
10 81
10 94
10 90
10 41
3 10
10 45
10 24
10 100
10 75
10 15
10 11
10 27
10 44
10 79
10 98
10 30
10 97
10 58
7 10
10 25
10 60
10 54
10 40
10 67
10 55
10 16
10 26
10 56
10 51
10 39
22 83
22 71
22 88
22 76
22 73
22 46
22 81
22 94
22 90
22 41
3 22
22 45
22 24
22 100
22 75
15 22
11 22
22 27
22 44
22 79
22 98
22 30
22 97
22 58
7 22
22 25
22 60
22 54
22 40
22 67
22 55
16 22
22 26
22 56
22 51
22 39
71 83
83 88
76 83
73 83
46 83
81 83
83 94
83 90
41 83
3 83
45 83
24 83
83 100
75 83
15 83
11 83
27 83
44 83
79 83
83 98
30 83
83 97
58 83
7 83
25 83
60 83
54 83
40 83
67 83
55 83
16 83
26 83
56 83
51 83
39 83
71 88
71 76
71 73
46 71
71 81
71 94
71 90
41 71
3 71
45 71
24 71
71 100
71 75
15 71
11 71
27 71
44 71
71 79
71 98
30 71
71 97
58 71
7 71
25 71
60 71
54 71
40 71
67 71
55 71
16 71
26 71
56 71
51 71
39 71
76 88
73 88
46 88
81 88
88 94
88 90
41 88
3 88
45 88
24 88
88 100
75 88
15 88
11 88
27 88
44 88
79 88
88 98
30 88
88 97
58 88
7 88
25 88
60 88
54 88
40 88
67 88
55 88
16 88
26 88
56 88
51 88
39 88
73 76
46 76
76 81
76 94
76 90
41 76
3 76
45 76
24 76
76 100
75 76
15 76
11 76
27 76
44 76
76 79
76 98
30 76
76 97
58 76
7 76
25 76
60 76
54 76
40 76
67 76
55 76
16 76
26 76
56 76
51 76
39 76
46 73
73 81
73 94
73 90
41 73
3 73
45 73
24 73
73 100
73 75
15 73
11 73
27 73
44 73
73 79
73 98
30 73
73 97
58 73
7 73
25 73
60 73
54 73
40 73
67 73
55 73
16 73
26 73
56 73
51 73
39 73
46 81
46 94
46 90
41 46
3 46
45 46
24 46
46 100
46 75
15 46
11 46
27 46
44 46
46 79
46 98
30 46
46 97
46 58
7 46
25 46
46 60
46 54
40 46
46 67
46 55
16 46
26 46
46 56
46 51
39 46
81 94
81 90
41 81
3 81
45 81
24 81
81 100
75 81
15 81
11 81
27 81
44 81
79 81
81 98
30 81
81 97
58 81
7 81
25 81
60 81
54 81
40 81
67 81
55 81
16 81
26 81
56 81
51 81
39 81
90 94
41 94
3 94
45 94
24 94
94 100
75 94
15 94
11 94
27 94
44 94
79 94
94 98
30 94
94 97
58 94
7 94
25 94
60 94
54 94
40 94
67 94
55 94
16 94
26 94
56 94
51 94
39 94
41 90
3 90
45 90
24 90
90 100
75 90
15 90
11 90
27 90
44 90
79 90
90 98
30 90
90 97
58 90
7 90
25 90
60 90
54 90
40 90
67 90
55 90
16 90
26 90
56 90
51 90
39 90
3 41
41 45
24 41
41 100
41 75
15 41
11 41
27 41
41 44
41 79
41 98
30 41
41 97
41 58
7 41
25 41
41 60
41 54
40 41
41 67
41 55
16 41
26 41
41 56
41 51
39 41
3 45
3 24
3 100
3 75
3 15
3 11
3 27
3 44
3 79
3 98
3 30
3 97
3 58
3 7
3 25
3 60
3 54
3 40
3 67
3 55
3 16
3 26
3 56
3 51
3 39
24 45
45 100
45 75
15 45
11 45
27 45
44 45
45 79
45 98
30 45
45 97
45 58
7 45
25 45
45 60
45 54
40 45
45 67
45 55
16 45
26 45
45 56
45 51
39 45
24 100
24 75
15 24
11 24
24 27
24 44
24 79
24 98
24 30
24 97
24 58
7 24
24 25
24 60
24 54
24 40
24 67
24 55
16 24
24 26
24 56
24 51
24 39
75 100
15 100
11 100
27 100
44 100
79 100
98 100
30 100
97 100
58 100
7 100
25 100
60 100
54 100
40 100
67 100
55 100
16 100
26 100
56 100
51 100
39 100
15 75
11 75
27 75
44 75
75 79
75 98
30 75
75 97
58 75
7 75
25 75
60 75
54 75
40 75
67 75
55 75
16 75
26 75
56 75
51 75
39 75
11 15
15 27
15 44
15 79
15 98
15 30
15 97
15 58
7 15
15 25
15 60
15 54
15 40
15 67
15 55
15 16
15 26
15 56
15 51
15 39
11 27
11 44
11 79
11 98
11 30
11 97
11 58
7 11
11 25
11 60
11 54
11 40
11 67
11 55
11 16
11 26
11 56
11 51
11 39
27 44
27 79
27 98
27 30
27 97
27 58
7 27
25 27
27 60
27 54
27 40
27 67
27 55
16 27
26 27
27 56
27 51
27 39
44 79
44 98
30 44
44 97
44 58
7 44
25 44
44 60
44 54
40 44
44 67
44 55
16 44
26 44
44 56
44 51
39 44
79 98
30 79
79 97
58 79
7 79
25 79
60 79
54 79
40 79
67 79
55 79
16 79
26 79
56 79
51 79
39 79
30 98
97 98
58 98
7 98
25 98
60 98
54 98
40 98
67 98
55 98
16 98
26 98
56 98
51 98
39 98
30 97
30 58
7 30
25 30
30 60
30 54
30 40
30 67
30 55
16 30
26 30
30 56
30 51
30 39
58 97
7 97
25 97
60 97
54 97
40 97
67 97
55 97
16 97
26 97
56 97
51 97
39 97
7 58
25 58
58 60
54 58
40 58
58 67
55 58
16 58
26 58
56 58
51 58
39 58
7 25
7 60
7 54
7 40
7 67
7 55
7 16
7 26
7 56
7 51
7 39
25 60
25 54
25 40
25 67
25 55
16 25
25 26
25 56
25 51
25 39
54 60
40 60
60 67
55 60
16 60
26 60
56 60
51 60
39 60
40 54
54 67
54 55
16 54
26 54
54 56
51 54
39 54
40 67
40 55
16 40
26 40
40 56
40 51
39 40
55 67
16 67
26 67
56 67
51 67
39 67
16 55
26 55
55 56
51 55
39 55
16 26
16 56
16 51
16 39
26 56
26 51
26 39
51 56
39 56
39 51
