679.4615384615 282.6923076923
786.3333333333 320.6666666667
635.8842592593 725.5444444444
616.4953703704 424.8777777778
522.9166666667 562.8000000000
786.3333333333 320.6666666667
474.5000000000 778.5000000000
921.5000000000 86.0000000000
705.0000000000 719.0000000000
709.0000000000 38.0000000000
747.6666666667 179.3333333333
413.3333333333 390.3333333333
416.0000000000 446.0000000000
80.0000000000 321.0000000000
522.6666666667 711.3333333333
321.0000000000 738.0000000000
635.8842592593 725.5444444444
754.0000000000 161.0000000000
635.8842592593 725.5444444444
825.0000000000 462.0000000000
257.0000000000 453.0000000000
576.0000000000 844.0000000000
789.0000000000 33.0000000000
576.0000000000 844.0000000000
479.3333333333 897.3333333333
80.0000000000 321.0000000000
201.0000000000 608.0000000000
424.3846153846 353.0769230769
522.9166666667 562.8000000000
786.3333333333 320.6666666667
474.5000000000 778.5000000000
786.3333333333 320.6666666667
594.6666666667 465.6666666667
891.0000000000 8.0000000000
474.5000000000 778.5000000000
628.0000000000 819.0000000000
383.4768518519 682.3888888889
755.6527777778 488.6333333333
635.8842592593 725.5444444444
746.6666666667 136.0000000000
776.0000000000 541.0000000000
695.7685185185 607.0888888889
843.6666666667 593.0000000000
331.0000000000 870.0000000000
627.6666666667 924.6666666667
786.3333333333 320.6666666667
522.9166666667 562.8000000000
383.4768518519 682.3888888889
786.3333333333 320.6666666667
786.3333333333 320.6666666667
628.0000000000 819.0000000000
635.8842592593 725.5444444444
437.0000000000 959.0000000000
913.0000000000 530.0000000000
383.4768518519 682.3888888889
952.0000000000 164.0000000000
616.4953703704 424.8777777778
635.8842592593 725.5444444444
695.7685185185 607.0888888889
576.0000000000 844.0000000000
603.0000000000 558.0000000000
232.0000000000 315.0000000000
679.4615384615 282.6923076923
522.9166666667 562.8000000000
786.3333333333 320.6666666667
513.6923076923 455.5384615385
635.8842592593 725.5444444444
331.0000000000 870.0000000000
469.3333333333 578.6666666667
786.3333333333 320.6666666667
478.9907407407 688.7555555556
786.3333333333 320.6666666667
603.0000000000 558.0000000000
351.0000000000 121.0000000000
849.3333333333 150.0000000000
786.3333333333 320.6666666667
776.0000000000 952.0000000000
80.0000000000 321.0000000000
825.0000000000 462.0000000000
786.3333333333 320.6666666667
757.0000000000 726.0000000000
746.1898148148 396.8111111111
960.0000000000 139.0000000000
383.4768518519 682.3888888889
644.0000000000 122.0000000000
628.0000000000 819.0000000000
774.3333333333 656.0000000000
635.8842592593 725.5444444444
774.3333333333 656.0000000000
825.0000000000 462.0000000000
755.6527777778 488.6333333333
474.5000000000 778.5000000000
474.5000000000 778.5000000000
695.7685185185 607.0888888889
921.5000000000 86.0000000000
635.8842592593 725.5444444444
825.0000000000 462.0000000000
695.7685185185 607.0888888889
616.4953703704 424.8777777778
80.0000000000 321.0000000000
