264.0000000000 850.0000000000
264.0000000000 850.0000000000
264.0000000000 850.0000000000
264.0000000000 850.0000000000
264.0000000000 850.0000000000
264.0000000000 850.0000000000
264.0000000000 850.0000000000
264.0000000000 850.0000000000
264.0000000000 850.0000000000
264.0000000000 850.0000000000
264.0000000000 850.0000000000
264.0000000000 850.0000000000
264.0000000000 850.0000000000
264.0000000000 850.0000000000
264.0000000000 850.0000000000
264.0000000000 850.0000000000
264.0000000000 850.0000000000
264.0000000000 850.0000000000
264.0000000000 850.0000000000
264.0000000000 850.0000000000
264.0000000000 850.0000000000
264.0000000000 850.0000000000
264.0000000000 850.0000000000
264.0000000000 850.0000000000
264.0000000000 850.0000000000
264.0000000000 850.0000000000
264.0000000000 850.0000000000
264.0000000000 850.0000000000
264.0000000000 850.0000000000
264.0000000000 850.0000000000
264.0000000000 850.0000000000
264.0000000000 850.0000000000
264.0000000000 850.0000000000
264.0000000000 850.0000000000
264.0000000000 850.0000000000
264.0000000000 850.0000000000
264.0000000000 850.0000000000
264.0000000000 850.0000000000
264.0000000000 850.0000000000
264.0000000000 850.0000000000
264.0000000000 850.0000000000
264.0000000000 850.0000000000
264.0000000000 850.0000000000
264.0000000000 850.0000000000
264.0000000000 850.0000000000
264.0000000000 850.0000000000
264.0000000000 850.0000000000
264.0000000000 850.0000000000
264.0000000000 850.0000000000
264.0000000000 850.0000000000
264.0000000000 850.0000000000
264.0000000000 850.0000000000
264.0000000000 850.0000000000
264.0000000000 850.0000000000
264.0000000000 850.0000000000
