519.2600000000 579.4000000000
573.0000000000 528.0000000000
633.0000000000 79.0000000000
519.2600000000 579.4000000000
519.2600000000 579.4000000000
519.2600000000 579.4000000000
58.0000000000 756.0000000000
416.0000000000 725.0000000000
848.0000000000 651.0000000000
981.0000000000 929.0000000000
519.2600000000 579.4000000000
519.2600000000 579.4000000000
479.0000000000 879.0000000000
830.0000000000 342.0000000000
367.0000000000 669.0000000000
519.2600000000 579.4000000000
519.2600000000 579.4000000000
519.2600000000 579.4000000000
33.0000000000 679.0000000000
340.0000000000 959.0000000000
757.0000000000 70.0000000000
519.2600000000 579.4000000000
899.0000000000 790.0000000000
38.0000000000 402.0000000000
171.0000000000 134.0000000000
959.0000000000 105.0000000000
99.0000000000 958.0000000000
519.2600000000 579.4000000000
377.0000000000 963.0000000000
519.2600000000 579.4000000000
519.2600000000 579.4000000000
519.2600000000 579.4000000000
519.2600000000 579.4000000000
277.0000000000 887.0000000000
846.0000000000 95.0000000000
519.2600000000 579.4000000000
519.2600000000 579.4000000000
519.2600000000 579.4000000000
519.2600000000 579.4000000000
519.2600000000 579.4000000000
398.0000000000 443.0000000000
519.2600000000 579.4000000000
519.2600000000 579.4000000000
346.0000000000 798.0000000000
843.0000000000 715.0000000000
519.2600000000 579.4000000000
907.0000000000 38.0000000000
519.2600000000 579.4000000000
519.2600000000 579.4000000000
519.2600000000 579.4000000000
62.0000000000 579.0000000000
519.2600000000 579.4000000000
519.2600000000 579.4000000000
332.0000000000 245.0000000000
879.0000000000 760.0000000000
519.2600000000 579.4000000000
519.2600000000 579.4000000000
519.2600000000 579.4000000000
519.2600000000 579.4000000000
850.0000000000 25.0000000000
577.0000000000 791.0000000000
363.0000000000 667.0000000000
519.2600000000 579.4000000000
38.0000000000 162.0000000000
478.0000000000 973.0000000000
364.0000000000 724.0000000000
813.0000000000 60.0000000000
519.2600000000 579.4000000000
519.2600000000 579.4000000000
350.0000000000 743.0000000000
530.0000000000 328.0000000000
895.0000000000 970.0000000000
519.2600000000 579.4000000000
189.0000000000 688.0000000000
657.0000000000 494.0000000000
519.2600000000 579.4000000000
603.0000000000 515.0000000000
519.2600000000 579.4000000000
519.2600000000 579.4000000000
519.2600000000 579.4000000000
534.0000000000 852.0000000000
861.0000000000 826.0000000000
519.2600000000 579.4000000000
953.0000000000 553.0000000000
519.2600000000 579.4000000000
519.2600000000 579.4000000000
582.0000000000 632.0000000000
204.0000000000 631.0000000000
519.2600000000 579.4000000000
519.2600000000 579.4000000000
576.0000000000 535.0000000000
519.2600000000 579.4000000000
27.0000000000 878.0000000000
519.2600000000 579.4000000000
519.2600000000 579.4000000000
48.0000000000 529.0000000000
519.2600000000 579.4000000000
751.0000000000 534.0000000000
972.0000000000 682.0000000000
519.2600000000 579.4000000000
