388.0000000000 522.0000000000
792.0000000000 4.0000000000
315.4400000000 429.0000000000
315.4400000000 429.0000000000
315.4400000000 429.0000000000
467.0000000000 482.0000000000
605.0000000000 265.0000000000
315.4400000000 429.0000000000
181.0000000000 736.0000000000
315.4400000000 429.0000000000
315.4400000000 429.0000000000
315.4400000000 429.0000000000
315.4400000000 429.0000000000
315.4400000000 429.0000000000
315.4400000000 429.0000000000
85.0000000000 666.0000000000
315.4400000000 429.0000000000
315.4400000000 429.0000000000
315.4400000000 429.0000000000
977.0000000000 455.0000000000
315.4400000000 429.0000000000
315.4400000000 429.0000000000
315.4400000000 429.0000000000
315.4400000000 429.0000000000
315.4400000000 429.0000000000
55.0000000000 109.0000000000
21.0000000000 671.0000000000
315.4400000000 429.0000000000
150.0000000000 627.0000000000
315.4400000000 429.0000000000
514.0000000000 266.0000000000
98.0000000000 882.0000000000
315.4400000000 429.0000000000
315.4400000000 429.0000000000
315.4400000000 429.0000000000
315.4400000000 429.0000000000
315.4400000000 429.0000000000
315.4400000000 429.0000000000
65.0000000000 116.0000000000
315.4400000000 429.0000000000
315.4400000000 429.0000000000
315.4400000000 429.0000000000
315.4400000000 429.0000000000
315.4400000000 429.0000000000
315.4400000000 429.0000000000
315.4400000000 429.0000000000
315.4400000000 429.0000000000
315.4400000000 429.0000000000
315.4400000000 429.0000000000
315.4400000000 429.0000000000
474.0000000000 679.0000000000
315.4400000000 429.0000000000
315.4400000000 429.0000000000
315.4400000000 429.0000000000
315.4400000000 429.0000000000
315.4400000000 429.0000000000
315.4400000000 429.0000000000
129.0000000000 428.0000000000
315.4400000000 429.0000000000
315.4400000000 429.0000000000
8.0000000000 307.0000000000
315.4400000000 429.0000000000
315.4400000000 429.0000000000
721.0000000000 429.0000000000
315.4400000000 429.0000000000
315.4400000000 429.0000000000
315.4400000000 429.0000000000
315.4400000000 429.0000000000
150.0000000000 884.0000000000
315.4400000000 429.0000000000
315.4400000000 429.0000000000
315.4400000000 429.0000000000
315.4400000000 429.0000000000
171.0000000000 134.0000000000
315.4400000000 429.0000000000
315.4400000000 429.0000000000
315.4400000000 429.0000000000
315.4400000000 429.0000000000
315.4400000000 429.0000000000
501.0000000000 394.0000000000
315.4400000000 429.0000000000
315.4400000000 429.0000000000
315.4400000000 429.0000000000
415.0000000000 24.0000000000
315.4400000000 429.0000000000
315.4400000000 429.0000000000
558.0000000000 68.0000000000
315.4400000000 429.0000000000
315.4400000000 429.0000000000
315.4400000000 429.0000000000
315.4400000000 429.0000000000
315.4400000000 429.0000000000
315.4400000000 429.0000000000
315.4400000000 429.0000000000
68.0000000000 774.0000000000
180.0000000000 400.0000000000
315.4400000000 429.0000000000
315.4400000000 429.0000000000
113.0000000000 403.0000000000
315.4400000000 429.0000000000
