55 54
-1 -1
-1 -1
-1 -1
-1 -1
-1 -1
-1 -1
-1 -1
-1 -1
-1 -1
-1 -1
-1 -1
-1 -1
-1 -1
-1 -1
-1 -1
-1 -1
-1 -1
-1 -1
-1 -1
-1 -1
-1 -1
-1 -1
-1 -1
-1 -1
-1 -1
-1 -1
-1 -1
-1 -1
-1 -1
-1 -1
-1 -1
-1 -1
-1 -1
-1 -1
-1 -1
-1 -1
-1 -1
-1 -1
-1 -1
-1 -1
826 466
-1 -1
-1 -1
-1 -1
-1 -1
-1 -1
-1 -1
-1 -1
-1 -1
-1 -1
-1 -1
-1 -1
-1 -1
-1 -1
-1 -1
2 50
12 50
12 39
39 42
4 42
4 40
14 40
14 16
16 41
10 41
10 23
23 53
17 53
17 44
44 52
7 52
7 25
8 25
8 45
24 45
5 24
5 55
48 55
1 48
1 54
46 54
46 49
47 49
31 47
22 31
22 37
36 37
35 36
35 38
3 38
3 51
6 51
6 34
28 34
26 28
26 30
18 30
18 32
11 32
11 13
13 21
21 33
29 33
20 29
19 20
19 27
15 27
15 43
9 43
