100 4950
388 522
792 4
-1 -1
-1 -1
-1 -1
467 482
605 265
-1 -1
181 736
-1 -1
-1 -1
-1 -1
-1 -1
-1 -1
-1 -1
85 666
-1 -1
-1 -1
-1 -1
977 455
-1 -1
-1 -1
-1 -1
-1 -1
-1 -1
55 109
21 671
-1 -1
150 627
-1 -1
514 266
98 882
-1 -1
-1 -1
-1 -1
-1 -1
-1 -1
-1 -1
65 116
-1 -1
-1 -1
-1 -1
-1 -1
-1 -1
-1 -1
-1 -1
-1 -1
-1 -1
-1 -1
-1 -1
474 679
-1 -1
-1 -1
-1 -1
-1 -1
-1 -1
-1 -1
129 428
-1 -1
-1 -1
8 307
-1 -1
-1 -1
721 429
-1 -1
-1 -1
-1 -1
-1 -1
150 884
-1 -1
-1 -1
-1 -1
-1 -1
171 134
-1 -1
-1 -1
-1 -1
-1 -1
-1 -1
501 394
-1 -1
-1 -1
-1 -1
415 24
-1 -1
-1 -1
558 68
-1 -1
-1 -1
-1 -1
-1 -1
-1 -1
-1 -1
-1 -1
68 774
180 400
-1 -1
-1 -1
113 403
-1 -1
45 54
31 54
43 54
30 54
20 54
54 98
54 97
54 64
40 54
51 54
47 54
54 60
2 54
37 54
54 81
27 54
54 91
54 66
54 79
48 54
54 94
54 95
41 54
14 54
5 54
54 61
21 54
54 69
54 92
54 68
54 84
54 73
54 78
54 93
54 87
54 82
34 54
4 54
54 80
33 54
54 56
29 54
54 76
1 54
10 54
42 54
52 54
18 54
54 88
54 62
15 54
36 54
25 54
54 67
54 59
54 63
12 54
16 54
44 54
54 83
6 54
54 57
50 54
54 71
38 54
46 54
8 54
54 65
9 54
3 54
54 58
54 70
54 100
26 54
54 75
11 54
54 99
54 96
19 54
24 54
49 54
54 74
53 54
54 72
35 54
54 86
32 54
28 54
39 54
17 54
54 85
13 54
7 54
54 89
54 55
23 54
54 77
54 90
22 54
31 45
43 45
30 45
20 45
45 98
45 97
45 64
40 45
45 51
45 47
45 60
2 45
37 45
45 81
27 45
45 91
45 66
45 79
45 48
45 94
45 95
41 45
14 45
5 45
45 61
21 45
45 69
45 92
45 68
45 84
45 73
45 78
45 93
45 87
45 82
34 45
4 45
45 80
33 45
45 56
29 45
45 76
1 45
10 45
42 45
45 52
18 45
45 88
45 62
15 45
36 45
25 45
45 67
45 59
45 63
12 45
16 45
44 45
45 83
6 45
45 57
45 50
45 71
38 45
45 46
8 45
45 65
9 45
3 45
45 58
45 70
45 100
26 45
45 75
11 45
45 99
45 96
19 45
24 45
45 49
45 74
45 53
45 72
35 45
45 86
32 45
28 45
39 45
17 45
45 85
13 45
7 45
45 89
45 55
23 45
45 77
45 90
22 45
31 43
30 31
20 31
31 98
31 97
31 64
31 40
31 51
31 47
31 60
2 31
31 37
31 81
27 31
31 91
31 66
31 79
31 48
31 94
31 95
31 41
14 31
5 31
31 61
21 31
31 69
31 92
31 68
31 84
31 73
31 78
31 93
31 87
31 82
31 34
4 31
31 80
31 33
31 56
29 31
31 76
1 31
10 31
31 42
31 52
18 31
31 88
31 62
15 31
31 36
25 31
31 67
31 59
31 63
12 31
16 31
31 44
31 83
6 31
31 57
31 50
31 71
31 38
31 46
8 31
31 65
9 31
3 31
31 58
31 70
31 100
26 31
31 75
11 31
31 99
31 96
19 31
24 31
31 49
31 74
31 53
31 72
31 35
31 86
31 32
28 31
31 39
17 31
31 85
13 31
7 31
31 89
31 55
23 31
31 77
31 90
22 31
30 43
20 43
43 98
43 97
43 64
40 43
43 51
43 47
43 60
2 43
37 43
43 81
27 43
43 91
43 66
43 79
43 48
43 94
43 95
41 43
14 43
5 43
43 61
21 43
43 69
43 92
43 68
43 84
43 73
43 78
43 93
43 87
43 82
34 43
4 43
43 80
33 43
43 56
29 43
43 76
1 43
10 43
42 43
43 52
18 43
43 88
43 62
15 43
36 43
25 43
43 67
43 59
43 63
12 43
16 43
43 44
43 83
6 43
43 57
43 50
43 71
38 43
43 46
8 43
43 65
9 43
3 43
43 58
43 70
43 100
26 43
43 75
11 43
43 99
43 96
19 43
24 43
43 49
43 74
43 53
43 72
35 43
43 86
32 43
28 43
39 43
17 43
43 85
13 43
7 43
43 89
43 55
23 43
43 77
43 90
22 43
20 30
30 98
30 97
30 64
30 40
30 51
30 47
30 60
2 30
30 37
30 81
27 30
30 91
30 66
30 79
30 48
30 94
30 95
30 41
14 30
5 30
30 61
21 30
30 69
30 92
30 68
30 84
30 73
30 78
30 93
30 87
30 82
30 34
4 30
30 80
30 33
30 56
29 30
30 76
1 30
10 30
30 42
30 52
18 30
30 88
30 62
15 30
30 36
25 30
30 67
30 59
30 63
12 30
16 30
30 44
30 83
6 30
30 57
30 50
30 71
30 38
30 46
8 30
30 65
9 30
3 30
30 58
30 70
30 100
26 30
30 75
11 30
30 99
30 96
19 30
24 30
30 49
30 74
30 53
30 72
30 35
30 86
30 32
28 30
30 39
17 30
30 85
13 30
7 30
30 89
30 55
23 30
30 77
30 90
22 30
20 98
20 97
20 64
20 40
20 51
20 47
20 60
2 20
20 37
20 81
20 27
20 91
20 66
20 79
20 48
20 94
20 95
20 41
14 20
5 20
20 61
20 21
20 69
20 92
20 68
20 84
20 73
20 78
20 93
20 87
20 82
20 34
4 20
20 80
20 33
20 56
20 29
20 76
1 20
10 20
20 42
20 52
18 20
20 88
20 62
15 20
20 36
20 25
20 67
20 59
20 63
12 20
16 20
20 44
20 83
6 20
20 57
20 50
20 71
20 38
20 46
8 20
20 65
9 20
3 20
20 58
20 70
20 100
20 26
20 75
11 20
20 99
20 96
19 20
20 24
20 49
20 74
20 53
20 72
20 35
20 86
20 32
20 28
20 39
17 20
20 85
13 20
7 20
20 89
20 55
20 23
20 77
20 90
20 22
97 98
64 98
40 98
51 98
47 98
60 98
2 98
37 98
81 98
27 98
91 98
66 98
79 98
48 98
94 98
95 98
41 98
14 98
5 98
61 98
21 98
69 98
92 98
68 98
84 98
73 98
78 98
93 98
87 98
82 98
34 98
4 98
80 98
33 98
56 98
29 98
76 98
1 98
10 98
42 98
52 98
18 98
88 98
62 98
15 98
36 98
25 98
67 98
59 98
63 98
12 98
16 98
44 98
83 98
6 98
57 98
50 98
71 98
38 98
46 98
8 98
65 98
9 98
3 98
58 98
70 98
98 100
26 98
75 98
11 98
98 99
96 98
19 98
24 98
49 98
74 98
53 98
72 98
35 98
86 98
32 98
28 98
39 98
17 98
85 98
13 98
7 98
89 98
55 98
23 98
77 98
90 98
22 98
64 97
40 97
51 97
47 97
60 97
2 97
37 97
81 97
27 97
91 97
66 97
79 97
48 97
94 97
95 97
41 97
14 97
5 97
61 97
21 97
69 97
92 97
68 97
84 97
73 97
78 97
93 97
87 97
82 97
34 97
4 97
80 97
33 97
56 97
29 97
76 97
1 97
10 97
42 97
52 97
18 97
88 97
62 97
15 97
36 97
25 97
67 97
59 97
63 97
12 97
16 97
44 97
83 97
6 97
57 97
50 97
71 97
38 97
46 97
8 97
65 97
9 97
3 97
58 97
70 97
97 100
26 97
75 97
11 97
97 99
96 97
19 97
24 97
49 97
74 97
53 97
72 97
35 97
86 97
32 97
28 97
39 97
17 97
85 97
13 97
7 97
89 97
55 97
23 97
77 97
90 97
22 97
40 64
51 64
47 64
60 64
2 64
37 64
64 81
27 64
64 91
64 66
64 79
48 64
64 94
64 95
41 64
14 64
5 64
61 64
21 64
64 69
64 92
64 68
64 84
64 73
64 78
64 93
64 87
64 82
34 64
4 64
64 80
33 64
56 64
29 64
64 76
1 64
10 64
42 64
52 64
18 64
64 88
62 64
15 64
36 64
25 64
64 67
59 64
63 64
12 64
16 64
44 64
64 83
6 64
57 64
50 64
64 71
38 64
46 64
8 64
64 65
9 64
3 64
58 64
64 70
64 100
26 64
64 75
11 64
64 99
64 96
19 64
24 64
49 64
64 74
53 64
64 72
35 64
64 86
32 64
28 64
39 64
17 64
64 85
13 64
7 64
64 89
55 64
23 64
64 77
64 90
22 64
40 51
40 47
40 60
2 40
37 40
40 81
27 40
40 91
40 66
40 79
40 48
40 94
40 95
40 41
14 40
5 40
40 61
21 40
40 69
40 92
40 68
40 84
40 73
40 78
40 93
40 87
40 82
34 40
4 40
40 80
33 40
40 56
29 40
40 76
1 40
10 40
40 42
40 52
18 40
40 88
40 62
15 40
36 40
25 40
40 67
40 59
40 63
12 40
16 40
40 44
40 83
6 40
40 57
40 50
40 71
38 40
40 46
8 40
40 65
9 40
3 40
40 58
40 70
40 100
26 40
40 75
11 40
40 99
40 96
19 40
24 40
40 49
40 74
40 53
40 72
35 40
40 86
32 40
28 40
39 40
17 40
40 85
13 40
7 40
40 89
40 55
23 40
40 77
40 90
22 40
47 51
51 60
2 51
37 51
51 81
27 51
51 91
51 66
51 79
48 51
51 94
51 95
41 51
14 51
5 51
51 61
21 51
51 69
51 92
51 68
51 84
51 73
51 78
51 93
51 87
51 82
34 51
4 51
51 80
33 51
51 56
29 51
51 76
1 51
10 51
42 51
51 52
18 51
51 88
51 62
15 51
36 51
25 51
51 67
51 59
51 63
12 51
16 51
44 51
51 83
6 51
51 57
50 51
51 71
38 51
46 51
8 51
51 65
9 51
3 51
51 58
51 70
51 100
26 51
51 75
11 51
51 99
51 96
19 51
24 51
49 51
51 74
51 53
51 72
35 51
51 86
32 51
28 51
39 51
17 51
51 85
13 51
7 51
51 89
51 55
23 51
51 77
51 90
22 51
47 60
2 47
37 47
47 81
27 47
47 91
47 66
47 79
47 48
47 94
47 95
41 47
14 47
5 47
47 61
21 47
47 69
47 92
47 68
47 84
47 73
47 78
47 93
47 87
47 82
34 47
4 47
47 80
33 47
47 56
29 47
47 76
1 47
10 47
42 47
47 52
18 47
47 88
47 62
15 47
36 47
25 47
47 67
47 59
47 63
12 47
16 47
44 47
47 83
6 47
47 57
47 50
47 71
38 47
46 47
8 47
47 65
9 47
3 47
47 58
47 70
47 100
26 47
47 75
11 47
47 99
47 96
19 47
24 47
47 49
47 74
47 53
47 72
35 47
47 86
32 47
28 47
39 47
17 47
47 85
13 47
7 47
47 89
47 55
23 47
47 77
47 90
22 47
2 60
37 60
60 81
27 60
60 91
60 66
60 79
48 60
60 94
60 95
41 60
14 60
5 60
60 61
21 60
60 69
60 92
60 68
60 84
60 73
60 78
60 93
60 87
60 82
34 60
4 60
60 80
33 60
56 60
29 60
60 76
1 60
10 60
42 60
52 60
18 60
60 88
60 62
15 60
36 60
25 60
60 67
59 60
60 63
12 60
16 60
44 60
60 83
6 60
57 60
50 60
60 71
38 60
46 60
8 60
60 65
9 60
3 60
58 60
60 70
60 100
26 60
60 75
11 60
60 99
60 96
19 60
24 60
49 60
60 74
53 60
60 72
35 60
60 86
32 60
28 60
39 60
17 60
60 85
13 60
7 60
60 89
55 60
23 60
60 77
60 90
22 60
2 37
2 81
2 27
2 91
2 66
2 79
2 48
2 94
2 95
2 41
2 14
2 5
2 61
2 21
2 69
2 92
2 68
2 84
2 73
2 78
2 93
2 87
2 82
2 34
2 4
2 80
2 33
2 56
2 29
2 76
1 2
2 10
2 42
2 52
2 18
2 88
2 62
2 15
2 36
2 25
2 67
2 59
2 63
2 12
2 16
2 44
2 83
2 6
2 57
2 50
2 71
2 38
2 46
2 8
2 65
2 9
2 3
2 58
2 70
2 100
2 26
2 75
2 11
2 99
2 96
2 19
2 24
2 49
2 74
2 53
2 72
2 35
2 86
2 32
2 28
2 39
2 17
2 85
2 13
2 7
2 89
2 55
2 23
2 77
2 90
2 22
37 81
27 37
37 91
37 66
37 79
37 48
37 94
37 95
37 41
14 37
5 37
37 61
21 37
37 69
37 92
37 68
37 84
37 73
37 78
37 93
37 87
37 82
34 37
4 37
37 80
33 37
37 56
29 37
37 76
1 37
10 37
37 42
37 52
18 37
37 88
37 62
15 37
36 37
25 37
37 67
37 59
37 63
12 37
16 37
37 44
37 83
6 37
37 57
37 50
37 71
37 38
37 46
8 37
37 65
9 37
3 37
37 58
37 70
37 100
26 37
37 75
11 37
37 99
37 96
19 37
24 37
37 49
37 74
37 53
37 72
35 37
37 86
32 37
28 37
37 39
17 37
37 85
13 37
7 37
37 89
37 55
23 37
37 77
37 90
22 37
27 81
81 91
66 81
79 81
48 81
81 94
81 95
41 81
14 81
5 81
61 81
21 81
69 81
81 92
68 81
81 84
73 81
78 81
81 93
81 87
81 82
34 81
4 81
80 81
33 81
56 81
29 81
76 81
1 81
10 81
42 81
52 81
18 81
81 88
62 81
15 81
36 81
25 81
67 81
59 81
63 81
12 81
16 81
44 81
81 83
6 81
57 81
50 81
71 81
38 81
46 81
8 81
65 81
9 81
3 81
58 81
70 81
81 100
26 81
75 81
11 81
81 99
81 96
19 81
24 81
49 81
74 81
53 81
72 81
35 81
81 86
32 81
28 81
39 81
17 81
81 85
13 81
7 81
81 89
55 81
23 81
77 81
81 90
22 81
27 91
27 66
27 79
27 48
27 94
27 95
27 41
14 27
5 27
27 61
21 27
27 69
27 92
27 68
27 84
27 73
27 78
27 93
27 87
27 82
27 34
4 27
27 80
27 33
27 56
27 29
27 76
1 27
10 27
27 42
27 52
18 27
27 88
27 62
15 27
27 36
25 27
27 67
27 59
27 63
12 27
16 27
27 44
27 83
6 27
27 57
27 50
27 71
27 38
27 46
8 27
27 65
9 27
3 27
27 58
27 70
27 100
26 27
27 75
11 27
27 99
27 96
19 27
24 27
27 49
27 74
27 53
27 72
27 35
27 86
27 32
27 28
27 39
17 27
27 85
13 27
7 27
27 89
27 55
23 27
27 77
27 90
22 27
66 91
79 91
48 91
91 94
91 95
41 91
14 91
5 91
61 91
21 91
69 91
91 92
68 91
84 91
73 91
78 91
91 93
87 91
82 91
34 91
4 91
80 91
33 91
56 91
29 91
76 91
1 91
10 91
42 91
52 91
18 91
88 91
62 91
15 91
36 91
25 91
67 91
59 91
63 91
12 91
16 91
44 91
83 91
6 91
57 91
50 91
71 91
38 91
46 91
8 91
65 91
9 91
3 91
58 91
70 91
91 100
26 91
75 91
11 91
91 99
91 96
19 91
24 91
49 91
74 91
53 91
72 91
35 91
86 91
32 91
28 91
39 91
17 91
85 91
13 91
7 91
89 91
55 91
23 91
77 91
90 91
22 91
66 79
48 66
66 94
66 95
41 66
14 66
5 66
61 66
21 66
66 69
66 92
66 68
66 84
66 73
66 78
66 93
66 87
66 82
34 66
4 66
66 80
33 66
56 66
29 66
66 76
1 66
10 66
42 66
52 66
18 66
66 88
62 66
15 66
36 66
25 66
66 67
59 66
63 66
12 66
16 66
44 66
66 83
6 66
57 66
50 66
66 71
38 66
46 66
8 66
65 66
9 66
3 66
58 66
66 70
66 100
26 66
66 75
11 66
66 99
66 96
19 66
24 66
49 66
66 74
53 66
66 72
35 66
66 86
32 66
28 66
39 66
17 66
66 85
13 66
7 66
66 89
55 66
23 66
66 77
66 90
22 66
48 79
79 94
79 95
41 79
14 79
5 79
61 79
21 79
69 79
79 92
68 79
79 84
73 79
78 79
79 93
79 87
79 82
34 79
4 79
79 80
33 79
56 79
29 79
76 79
1 79
10 79
42 79
52 79
18 79
79 88
62 79
15 79
36 79
25 79
67 79
59 79
63 79
12 79
16 79
44 79
79 83
6 79
57 79
50 79
71 79
38 79
46 79
8 79
65 79
9 79
3 79
58 79
70 79
79 100
26 79
75 79
11 79
79 99
79 96
19 79
24 79
49 79
74 79
53 79
72 79
35 79
79 86
32 79
28 79
39 79
17 79
79 85
13 79
7 79
79 89
55 79
23 79
77 79
79 90
22 79
48 94
48 95
41 48
14 48
5 48
48 61
21 48
48 69
48 92
48 68
48 84
48 73
48 78
48 93
48 87
48 82
34 48
4 48
48 80
33 48
48 56
29 48
48 76
1 48
10 48
42 48
48 52
18 48
48 88
48 62
15 48
36 48
25 48
48 67
48 59
48 63
12 48
16 48
44 48
48 83
6 48
48 57
48 50
48 71
38 48
46 48
8 48
48 65
9 48
3 48
48 58
48 70
48 100
26 48
48 75
11 48
48 99
48 96
19 48
24 48
48 49
48 74
48 53
48 72
35 48
48 86
32 48
28 48
39 48
17 48
48 85
13 48
7 48
48 89
48 55
23 48
48 77
48 90
22 48
94 95
41 94
14 94
5 94
61 94
21 94
69 94
92 94
68 94
84 94
73 94
78 94
93 94
87 94
82 94
34 94
4 94
80 94
33 94
56 94
29 94
76 94
1 94
10 94
42 94
52 94
18 94
88 94
62 94
15 94
36 94
25 94
67 94
59 94
63 94
12 94
16 94
44 94
83 94
6 94
57 94
50 94
71 94
38 94
46 94
8 94
65 94
9 94
3 94
58 94
70 94
94 100
26 94
75 94
11 94
94 99
94 96
19 94
24 94
49 94
74 94
53 94
72 94
35 94
86 94
32 94
28 94
39 94
17 94
85 94
13 94
7 94
89 94
55 94
23 94
77 94
90 94
22 94
41 95
14 95
5 95
61 95
21 95
69 95
92 95
68 95
84 95
73 95
78 95
93 95
87 95
82 95
34 95
4 95
80 95
33 95
56 95
29 95
76 95
1 95
10 95
42 95
52 95
18 95
88 95
62 95
15 95
36 95
25 95
67 95
59 95
63 95
12 95
16 95
44 95
83 95
6 95
57 95
50 95
71 95
38 95
46 95
8 95
65 95
9 95
3 95
58 95
70 95
95 100
26 95
75 95
11 95
95 99
95 96
19 95
24 95
49 95
74 95
53 95
72 95
35 95
86 95
32 95
28 95
39 95
17 95
85 95
13 95
7 95
89 95
55 95
23 95
77 95
90 95
22 95
14 41
5 41
41 61
21 41
41 69
41 92
41 68
41 84
41 73
41 78
41 93
41 87
41 82
34 41
4 41
41 80
33 41
41 56
29 41
41 76
1 41
10 41
41 42
41 52
18 41
41 88
41 62
15 41
36 41
25 41
41 67
41 59
41 63
12 41
16 41
41 44
41 83
6 41
41 57
41 50
41 71
38 41
41 46
8 41
41 65
9 41
3 41
41 58
41 70
41 100
26 41
41 75
11 41
41 99
41 96
19 41
24 41
41 49
41 74
41 53
41 72
35 41
41 86
32 41
28 41
39 41
17 41
41 85
13 41
7 41
41 89
41 55
23 41
41 77
41 90
22 41
5 14
14 61
14 21
14 69
14 92
14 68
14 84
14 73
14 78
14 93
14 87
14 82
14 34
4 14
14 80
14 33
14 56
14 29
14 76
1 14
10 14
14 42
14 52
14 18
14 88
14 62
14 15
14 36
14 25
14 67
14 59
14 63
12 14
14 16
14 44
14 83
6 14
14 57
14 50
14 71
14 38
14 46
8 14
14 65
9 14
3 14
14 58
14 70
14 100
14 26
14 75
11 14
14 99
14 96
14 19
14 24
14 49
14 74
14 53
14 72
14 35
14 86
14 32
14 28
14 39
14 17
14 85
13 14
7 14
14 89
14 55
14 23
14 77
14 90
14 22
5 61
5 21
5 69
5 92
5 68
5 84
5 73
5 78
5 93
5 87
5 82
5 34
4 5
5 80
5 33
5 56
5 29
5 76
1 5
5 10
5 42
5 52
5 18
5 88
5 62
5 15
5 36
5 25
5 67
5 59
5 63
5 12
5 16
5 44
5 83
5 6
5 57
5 50
5 71
5 38
5 46
5 8
5 65
5 9
3 5
5 58
5 70
5 100
5 26
5 75
5 11
5 99
5 96
5 19
5 24
5 49
5 74
5 53
5 72
5 35
5 86
5 32
5 28
5 39
5 17
5 85
5 13
5 7
5 89
5 55
5 23
5 77
5 90
5 22
21 61
61 69
61 92
61 68
61 84
61 73
61 78
61 93
61 87
61 82
34 61
4 61
61 80
33 61
56 61
29 61
61 76
1 61
10 61
42 61
52 61
18 61
61 88
61 62
15 61
36 61
25 61
61 67
59 61
61 63
12 61
16 61
44 61
61 83
6 61
57 61
50 61
61 71
38 61
46 61
8 61
61 65
9 61
3 61
58 61
61 70
61 100
26 61
61 75
11 61
61 99
61 96
19 61
24 61
49 61
61 74
53 61
61 72
35 61
61 86
32 61
28 61
39 61
17 61
61 85
13 61
7 61
61 89
55 61
23 61
61 77
61 90
22 61
21 69
21 92
21 68
21 84
21 73
21 78
21 93
21 87
21 82
21 34
4 21
21 80
21 33
21 56
21 29
21 76
1 21
10 21
21 42
21 52
18 21
21 88
21 62
15 21
21 36
21 25
21 67
21 59
21 63
12 21
16 21
21 44
21 83
6 21
21 57
21 50
21 71
21 38
21 46
8 21
21 65
9 21
3 21
21 58
21 70
21 100
21 26
21 75
11 21
21 99
21 96
19 21
21 24
21 49
21 74
21 53
21 72
21 35
21 86
21 32
21 28
21 39
17 21
21 85
13 21
7 21
21 89
21 55
21 23
21 77
21 90
21 22
69 92
68 69
69 84
69 73
69 78
69 93
69 87
69 82
34 69
4 69
69 80
33 69
56 69
29 69
69 76
1 69
10 69
42 69
52 69
18 69
69 88
62 69
15 69
36 69
25 69
67 69
59 69
63 69
12 69
16 69
44 69
69 83
6 69
57 69
50 69
69 71
38 69
46 69
8 69
65 69
9 69
3 69
58 69
69 70
69 100
26 69
69 75
11 69
69 99
69 96
19 69
24 69
49 69
69 74
53 69
69 72
35 69
69 86
32 69
28 69
39 69
17 69
69 85
13 69
7 69
69 89
55 69
23 69
69 77
69 90
22 69
68 92
84 92
73 92
78 92
92 93
87 92
82 92
34 92
4 92
80 92
33 92
56 92
29 92
76 92
1 92
10 92
42 92
52 92
18 92
88 92
62 92
15 92
36 92
25 92
67 92
59 92
63 92
12 92
16 92
44 92
83 92
6 92
57 92
50 92
71 92
38 92
46 92
8 92
65 92
9 92
3 92
58 92
70 92
92 100
26 92
75 92
11 92
92 99
92 96
19 92
24 92
49 92
74 92
53 92
72 92
35 92
86 92
32 92
28 92
39 92
17 92
85 92
13 92
7 92
89 92
55 92
23 92
77 92
90 92
22 92
68 84
68 73
68 78
68 93
68 87
68 82
34 68
4 68
68 80
33 68
56 68
29 68
68 76
1 68
10 68
42 68
52 68
18 68
68 88
62 68
15 68
36 68
25 68
67 68
59 68
63 68
12 68
16 68
44 68
68 83
6 68
57 68
50 68
68 71
38 68
46 68
8 68
65 68
9 68
3 68
58 68
68 70
68 100
26 68
68 75
11 68
68 99
68 96
19 68
24 68
49 68
68 74
53 68
68 72
35 68
68 86
32 68
28 68
39 68
17 68
68 85
13 68
7 68
68 89
55 68
23 68
68 77
68 90
22 68
73 84
78 84
84 93
84 87
82 84
34 84
4 84
80 84
33 84
56 84
29 84
76 84
1 84
10 84
42 84
52 84
18 84
84 88
62 84
15 84
36 84
25 84
67 84
59 84
63 84
12 84
16 84
44 84
83 84
6 84
57 84
50 84
71 84
38 84
46 84
8 84
65 84
9 84
3 84
58 84
70 84
84 100
26 84
75 84
11 84
84 99
84 96
19 84
24 84
49 84
74 84
53 84
72 84
35 84
84 86
32 84
28 84
39 84
17 84
84 85
13 84
7 84
84 89
55 84
23 84
77 84
84 90
22 84
73 78
73 93
73 87
73 82
34 73
4 73
73 80
33 73
56 73
29 73
73 76
1 73
10 73
42 73
52 73
18 73
73 88
62 73
15 73
36 73
25 73
67 73
59 73
63 73
12 73
16 73
44 73
73 83
6 73
57 73
50 73
71 73
38 73
46 73
8 73
65 73
9 73
3 73
58 73
70 73
73 100
26 73
73 75
11 73
73 99
73 96
19 73
24 73
49 73
73 74
53 73
72 73
35 73
73 86
32 73
28 73
39 73
17 73
73 85
13 73
7 73
73 89
55 73
23 73
73 77
73 90
22 73
78 93
78 87
78 82
34 78
4 78
78 80
33 78
56 78
29 78
76 78
1 78
10 78
42 78
52 78
18 78
78 88
62 78
15 78
36 78
25 78
67 78
59 78
63 78
12 78
16 78
44 78
78 83
6 78
57 78
50 78
71 78
38 78
46 78
8 78
65 78
9 78
3 78
58 78
70 78
78 100
26 78
75 78
11 78
78 99
78 96
19 78
24 78
49 78
74 78
53 78
72 78
35 78
78 86
32 78
28 78
39 78
17 78
78 85
13 78
7 78
78 89
55 78
23 78
77 78
78 90
22 78
87 93
82 93
34 93
4 93
80 93
33 93
56 93
29 93
76 93
1 93
10 93
42 93
52 93
18 93
88 93
62 93
15 93
36 93
25 93
67 93
59 93
63 93
12 93
16 93
44 93
83 93
6 93
57 93
50 93
71 93
38 93
46 93
8 93
65 93
9 93
3 93
58 93
70 93
93 100
26 93
75 93
11 93
93 99
93 96
19 93
24 93
49 93
74 93
53 93
72 93
35 93
86 93
32 93
28 93
39 93
17 93
85 93
13 93
7 93
89 93
55 93
23 93
77 93
90 93
22 93
82 87
34 87
4 87
80 87
33 87
56 87
29 87
76 87
1 87
10 87
42 87
52 87
18 87
87 88
62 87
15 87
36 87
25 87
67 87
59 87
63 87
12 87
16 87
44 87
83 87
6 87
57 87
50 87
71 87
38 87
46 87
8 87
65 87
9 87
3 87
58 87
70 87
87 100
26 87
75 87
11 87
87 99
87 96
19 87
24 87
49 87
74 87
53 87
72 87
35 87
86 87
32 87
28 87
39 87
17 87
85 87
13 87
7 87
87 89
55 87
23 87
77 87
87 90
22 87
34 82
4 82
80 82
33 82
56 82
29 82
76 82
1 82
10 82
42 82
52 82
18 82
82 88
62 82
15 82
36 82
25 82
67 82
59 82
63 82
12 82
16 82
44 82
82 83
6 82
57 82
50 82
71 82
38 82
46 82
8 82
65 82
9 82
3 82
58 82
70 82
82 100
26 82
75 82
11 82
82 99
82 96
19 82
24 82
49 82
74 82
53 82
72 82
35 82
82 86
32 82
28 82
39 82
17 82
82 85
13 82
7 82
82 89
55 82
23 82
77 82
82 90
22 82
4 34
34 80
33 34
34 56
29 34
34 76
1 34
10 34
34 42
34 52
18 34
34 88
34 62
15 34
34 36
25 34
34 67
34 59
34 63
12 34
16 34
34 44
34 83
6 34
34 57
34 50
34 71
34 38
34 46
8 34
34 65
9 34
3 34
34 58
34 70
34 100
26 34
34 75
11 34
34 99
34 96
19 34
24 34
34 49
34 74
34 53
34 72
34 35
34 86
32 34
28 34
34 39
17 34
34 85
13 34
7 34
34 89
34 55
23 34
34 77
34 90
22 34
4 80
4 33
4 56
4 29
4 76
1 4
4 10
4 42
4 52
4 18
4 88
4 62
4 15
4 36
4 25
4 67
4 59
4 63
4 12
4 16
4 44
4 83
4 6
4 57
4 50
4 71
4 38
4 46
4 8
4 65
4 9
3 4
4 58
4 70
4 100
4 26
4 75
4 11
4 99
4 96
4 19
4 24
4 49
4 74
4 53
4 72
4 35
4 86
4 32
4 28
4 39
4 17
4 85
4 13
4 7
4 89
4 55
4 23
4 77
4 90
4 22
33 80
56 80
29 80
76 80
1 80
10 80
42 80
52 80
18 80
80 88
62 80
15 80
36 80
25 80
67 80
59 80
63 80
12 80
16 80
44 80
80 83
6 80
57 80
50 80
71 80
38 80
46 80
8 80
65 80
9 80
3 80
58 80
70 80
80 100
26 80
75 80
11 80
80 99
80 96
19 80
24 80
49 80
74 80
53 80
72 80
35 80
80 86
32 80
28 80
39 80
17 80
80 85
13 80
7 80
80 89
55 80
23 80
77 80
80 90
22 80
33 56
29 33
33 76
1 33
10 33
33 42
33 52
18 33
33 88
33 62
15 33
33 36
25 33
33 67
33 59
33 63
12 33
16 33
33 44
33 83
6 33
33 57
33 50
33 71
33 38
33 46
8 33
33 65
9 33
3 33
33 58
33 70
33 100
26 33
33 75
11 33
33 99
33 96
19 33
24 33
33 49
33 74
33 53
33 72
33 35
33 86
32 33
28 33
33 39
17 33
33 85
13 33
7 33
33 89
33 55
23 33
33 77
33 90
22 33
29 56
56 76
1 56
10 56
42 56
52 56
18 56
56 88
56 62
15 56
36 56
25 56
56 67
56 59
56 63
12 56
16 56
44 56
56 83
6 56
56 57
50 56
56 71
38 56
46 56
8 56
56 65
9 56
3 56
56 58
56 70
56 100
26 56
56 75
11 56
56 99
56 96
19 56
24 56
49 56
56 74
53 56
56 72
35 56
56 86
32 56
28 56
39 56
17 56
56 85
13 56
7 56
56 89
55 56
23 56
56 77
56 90
22 56
29 76
1 29
10 29
29 42
29 52
18 29
29 88
29 62
15 29
29 36
25 29
29 67
29 59
29 63
12 29
16 29
29 44
29 83
6 29
29 57
29 50
29 71
29 38
29 46
8 29
29 65
9 29
3 29
29 58
29 70
29 100
26 29
29 75
11 29
29 99
29 96
19 29
24 29
29 49
29 74
29 53
29 72
29 35
29 86
29 32
28 29
29 39
17 29
29 85
13 29
7 29
29 89
29 55
23 29
29 77
29 90
22 29
1 76
10 76
42 76
52 76
18 76
76 88
62 76
15 76
36 76
25 76
67 76
59 76
63 76
12 76
16 76
44 76
76 83
6 76
57 76
50 76
71 76
38 76
46 76
8 76
65 76
9 76
3 76
58 76
70 76
76 100
26 76
75 76
11 76
76 99
76 96
19 76
24 76
49 76
74 76
53 76
72 76
35 76
76 86
32 76
28 76
39 76
17 76
76 85
13 76
7 76
76 89
55 76
23 76
76 77
76 90
22 76
1 10
1 42
1 52
1 18
1 88
1 62
1 15
1 36
1 25
1 67
1 59
1 63
1 12
1 16
1 44
1 83
1 6
1 57
1 50
1 71
1 38
1 46
1 8
1 65
1 9
1 3
1 58
1 70
1 100
1 26
1 75
1 11
1 99
1 96
1 19
1 24
1 49
1 74
1 53
1 72
1 35
1 86
1 32
1 28
1 39
1 17
1 85
1 13
1 7
1 89
1 55
1 23
1 77
1 90
1 22
10 42
10 52
10 18
10 88
10 62
10 15
10 36
10 25
10 67
10 59
10 63
10 12
10 16
10 44
10 83
6 10
10 57
10 50
10 71
10 38
10 46
8 10
10 65
9 10
3 10
10 58
10 70
10 100
10 26
10 75
10 11
10 99
10 96
10 19
10 24
10 49
10 74
10 53
10 72
10 35
10 86
10 32
10 28
10 39
10 17
10 85
10 13
7 10
10 89
10 55
10 23
10 77
10 90
10 22
42 52
18 42
42 88
42 62
15 42
36 42
25 42
42 67
42 59
42 63
12 42
16 42
42 44
42 83
6 42
42 57
42 50
42 71
38 42
42 46
8 42
42 65
9 42
3 42
42 58
42 70
42 100
26 42
42 75
11 42
42 99
42 96
19 42
24 42
42 49
42 74
42 53
42 72
35 42
42 86
32 42
28 42
39 42
17 42
42 85
13 42
7 42
42 89
42 55
23 42
42 77
42 90
22 42
18 52
52 88
52 62
15 52
36 52
25 52
52 67
52 59
52 63
12 52
16 52
44 52
52 83
6 52
52 57
50 52
52 71
38 52
46 52
8 52
52 65
9 52
3 52
52 58
52 70
52 100
26 52
52 75
11 52
52 99
52 96
19 52
24 52
49 52
52 74
52 53
52 72
35 52
52 86
32 52
28 52
39 52
17 52
52 85
13 52
7 52
52 89
52 55
23 52
52 77
52 90
22 52
18 88
18 62
15 18
18 36
18 25
18 67
18 59
18 63
12 18
16 18
18 44
18 83
6 18
18 57
18 50
18 71
18 38
18 46
8 18
18 65
9 18
3 18
18 58
18 70
18 100
18 26
18 75
11 18
18 99
18 96
18 19
18 24
18 49
18 74
18 53
18 72
18 35
18 86
18 32
18 28
18 39
17 18
18 85
13 18
7 18
18 89
18 55
18 23
18 77
18 90
18 22
62 88
15 88
36 88
25 88
67 88
59 88
63 88
12 88
16 88
44 88
83 88
6 88
57 88
50 88
71 88
38 88
46 88
8 88
65 88
9 88
3 88
58 88
70 88
88 100
26 88
75 88
11 88
88 99
88 96
19 88
24 88
49 88
74 88
53 88
72 88
35 88
86 88
32 88
28 88
39 88
17 88
85 88
13 88
7 88
88 89
55 88
23 88
77 88
88 90
22 88
15 62
36 62
25 62
62 67
59 62
62 63
12 62
16 62
44 62
62 83
6 62
57 62
50 62
62 71
38 62
46 62
8 62
62 65
9 62
3 62
58 62
62 70
62 100
26 62
62 75
11 62
62 99
62 96
19 62
24 62
49 62
62 74
53 62
62 72
35 62
62 86
32 62
28 62
39 62
17 62
62 85
13 62
7 62
62 89
55 62
23 62
62 77
62 90
22 62
15 36
15 25
15 67
15 59
15 63
12 15
15 16
15 44
15 83
6 15
15 57
15 50
15 71
15 38
15 46
8 15
15 65
9 15
3 15
15 58
15 70
15 100
15 26
15 75
11 15
15 99
15 96
15 19
15 24
15 49
15 74
15 53
15 72
15 35
15 86
15 32
15 28
15 39
15 17
15 85
13 15
7 15
15 89
15 55
15 23
15 77
15 90
15 22
25 36
36 67
36 59
36 63
12 36
16 36
36 44
36 83
6 36
36 57
36 50
36 71
36 38
36 46
8 36
36 65
9 36
3 36
36 58
36 70
36 100
26 36
36 75
11 36
36 99
36 96
19 36
24 36
36 49
36 74
36 53
36 72
35 36
36 86
32 36
28 36
36 39
17 36
36 85
13 36
7 36
36 89
36 55
23 36
36 77
36 90
22 36
25 67
25 59
25 63
12 25
16 25
25 44
25 83
6 25
25 57
25 50
25 71
25 38
25 46
8 25
25 65
9 25
3 25
25 58
25 70
25 100
25 26
25 75
11 25
25 99
25 96
19 25
24 25
25 49
25 74
25 53
25 72
25 35
25 86
25 32
25 28
25 39
17 25
25 85
13 25
7 25
25 89
25 55
23 25
25 77
25 90
22 25
59 67
63 67
12 67
16 67
44 67
67 83
6 67
57 67
50 67
67 71
38 67
46 67
8 67
65 67
9 67
3 67
58 67
67 70
67 100
26 67
67 75
11 67
67 99
67 96
19 67
24 67
49 67
67 74
53 67
67 72
35 67
67 86
32 67
28 67
39 67
17 67
67 85
13 67
7 67
67 89
55 67
23 67
67 77
67 90
22 67
59 63
12 59
16 59
44 59
59 83
6 59
57 59
50 59
59 71
38 59
46 59
8 59
59 65
9 59
3 59
58 59
59 70
59 100
26 59
59 75
11 59
59 99
59 96
19 59
24 59
49 59
59 74
53 59
59 72
35 59
59 86
32 59
28 59
39 59
17 59
59 85
13 59
7 59
59 89
55 59
23 59
59 77
59 90
22 59
12 63
16 63
44 63
63 83
6 63
57 63
50 63
63 71
38 63
46 63
8 63
63 65
9 63
3 63
58 63
63 70
63 100
26 63
63 75
11 63
63 99
63 96
19 63
24 63
49 63
63 74
53 63
63 72
35 63
63 86
32 63
28 63
39 63
17 63
63 85
13 63
7 63
63 89
55 63
23 63
63 77
63 90
22 63
12 16
12 44
12 83
6 12
12 57
12 50
12 71
12 38
12 46
8 12
12 65
9 12
3 12
12 58
12 70
12 100
12 26
12 75
11 12
12 99
12 96
12 19
12 24
12 49
12 74
12 53
12 72
12 35
12 86
12 32
12 28
12 39
12 17
12 85
12 13
7 12
12 89
12 55
12 23
12 77
12 90
12 22
16 44
16 83
6 16
16 57
16 50
16 71
16 38
16 46
8 16
16 65
9 16
3 16
16 58
16 70
16 100
16 26
16 75
11 16
16 99
16 96
16 19
16 24
16 49
16 74
16 53
16 72
16 35
16 86
16 32
16 28
16 39
16 17
16 85
13 16
7 16
16 89
16 55
16 23
16 77
16 90
16 22
44 83
6 44
44 57
44 50
44 71
38 44
44 46
8 44
44 65
9 44
3 44
44 58
44 70
44 100
26 44
44 75
11 44
44 99
44 96
19 44
24 44
44 49
44 74
44 53
44 72
35 44
44 86
32 44
28 44
39 44
17 44
44 85
13 44
7 44
44 89
44 55
23 44
44 77
44 90
22 44
6 83
57 83
50 83
71 83
38 83
46 83
8 83
65 83
9 83
3 83
58 83
70 83
83 100
26 83
75 83
11 83
83 99
83 96
19 83
24 83
49 83
74 83
53 83
72 83
35 83
83 86
32 83
28 83
39 83
17 83
83 85
13 83
7 83
83 89
55 83
23 83
77 83
83 90
22 83
6 57
6 50
6 71
6 38
6 46
6 8
6 65
6 9
3 6
6 58
6 70
6 100
6 26
6 75
6 11
6 99
6 96
6 19
6 24
6 49
6 74
6 53
6 72
6 35
6 86
6 32
6 28
6 39
6 17
6 85
6 13
6 7
6 89
6 55
6 23
6 77
6 90
6 22
50 57
57 71
38 57
46 57
8 57
57 65
9 57
3 57
57 58
57 70
57 100
26 57
57 75
11 57
57 99
57 96
19 57
24 57
49 57
57 74
53 57
57 72
35 57
57 86
32 57
28 57
39 57
17 57
57 85
13 57
7 57
57 89
55 57
23 57
57 77
57 90
22 57
50 71
38 50
46 50
8 50
50 65
9 50
3 50
50 58
50 70
50 100
26 50
50 75
11 50
50 99
50 96
19 50
24 50
49 50
50 74
50 53
50 72
35 50
50 86
32 50
28 50
39 50
17 50
50 85
13 50
7 50
50 89
50 55
23 50
50 77
50 90
22 50
38 71
46 71
8 71
65 71
9 71
3 71
58 71
70 71
71 100
26 71
71 75
11 71
71 99
71 96
19 71
24 71
49 71
71 74
53 71
71 72
35 71
71 86
32 71
28 71
39 71
17 71
71 85
13 71
7 71
71 89
55 71
23 71
71 77
71 90
22 71
38 46
8 38
38 65
9 38
3 38
38 58
38 70
38 100
26 38
38 75
11 38
38 99
38 96
19 38
24 38
38 49
38 74
38 53
38 72
35 38
38 86
32 38
28 38
38 39
17 38
38 85
13 38
7 38
38 89
38 55
23 38
38 77
38 90
22 38
8 46
46 65
9 46
3 46
46 58
46 70
46 100
26 46
46 75
11 46
46 99
46 96
19 46
24 46
46 49
46 74
46 53
46 72
35 46
46 86
32 46
28 46
39 46
17 46
46 85
13 46
7 46
46 89
46 55
23 46
46 77
46 90
22 46
8 65
8 9
3 8
8 58
8 70
8 100
8 26
8 75
8 11
8 99
8 96
8 19
8 24
8 49
8 74
8 53
8 72
8 35
8 86
8 32
8 28
8 39
8 17
8 85
8 13
7 8
8 89
8 55
8 23
8 77
8 90
8 22
9 65
3 65
58 65
65 70
65 100
26 65
65 75
11 65
65 99
65 96
19 65
24 65
49 65
65 74
53 65
65 72
35 65
65 86
32 65
28 65
39 65
17 65
65 85
13 65
7 65
65 89
55 65
23 65
65 77
65 90
22 65
3 9
9 58
9 70
9 100
9 26
9 75
9 11
9 99
9 96
9 19
9 24
9 49
9 74
9 53
9 72
9 35
9 86
9 32
9 28
9 39
9 17
9 85
9 13
7 9
9 89
9 55
9 23
9 77
9 90
9 22
3 58
3 70
3 100
3 26
3 75
3 11
3 99
3 96
3 19
3 24
3 49
3 74
3 53
3 72
3 35
3 86
3 32
3 28
3 39
3 17
3 85
3 13
3 7
3 89
3 55
3 23
3 77
3 90
3 22
58 70
58 100
26 58
58 75
11 58
58 99
58 96
19 58
24 58
49 58
58 74
53 58
58 72
35 58
58 86
32 58
28 58
39 58
17 58
58 85
13 58
7 58
58 89
55 58
23 58
58 77
58 90
22 58
70 100
26 70
70 75
11 70
70 99
70 96
19 70
24 70
49 70
70 74
53 70
70 72
35 70
70 86
32 70
28 70
39 70
17 70
70 85
13 70
7 70
70 89
55 70
23 70
70 77
70 90
22 70
26 100
75 100
11 100
99 100
96 100
19 100
24 100
49 100
74 100
53 100
72 100
35 100
86 100
32 100
28 100
39 100
17 100
85 100
13 100
7 100
89 100
55 100
23 100
77 100
90 100
22 100
26 75
11 26
26 99
26 96
19 26
24 26
26 49
26 74
26 53
26 72
26 35
26 86
26 32
26 28
26 39
17 26
26 85
13 26
7 26
26 89
26 55
23 26
26 77
26 90
22 26
11 75
75 99
75 96
19 75
24 75
49 75
74 75
53 75
72 75
35 75
75 86
32 75
28 75
39 75
17 75
75 85
13 75
7 75
75 89
55 75
23 75
75 77
75 90
22 75
11 99
11 96
11 19
11 24
11 49
11 74
11 53
11 72
11 35
11 86
11 32
11 28
11 39
11 17
11 85
11 13
7 11
11 89
11 55
11 23
11 77
11 90
11 22
96 99
19 99
24 99
49 99
74 99
53 99
72 99
35 99
86 99
32 99
28 99
39 99
17 99
85 99
13 99
7 99
89 99
55 99
23 99
77 99
90 99
22 99
19 96
24 96
49 96
74 96
53 96
72 96
35 96
86 96
32 96
28 96
39 96
17 96
85 96
13 96
7 96
89 96
55 96
23 96
77 96
90 96
22 96
19 24
19 49
19 74
19 53
19 72
19 35
19 86
19 32
19 28
19 39
17 19
19 85
13 19
7 19
19 89
19 55
19 23
19 77
19 90
19 22
24 49
24 74
24 53
24 72
24 35
24 86
24 32
24 28
24 39
17 24
24 85
13 24
7 24
24 89
24 55
23 24
24 77
24 90
22 24
49 74
49 53
49 72
35 49
49 86
32 49
28 49
39 49
17 49
49 85
13 49
7 49
49 89
49 55
23 49
49 77
49 90
22 49
53 74
72 74
35 74
74 86
32 74
28 74
39 74
17 74
74 85
13 74
7 74
74 89
55 74
23 74
74 77
74 90
22 74
53 72
35 53
53 86
32 53
28 53
39 53
17 53
53 85
13 53
7 53
53 89
53 55
23 53
53 77
53 90
22 53
35 72
72 86
32 72
28 72
39 72
17 72
72 85
13 72
7 72
72 89
55 72
23 72
72 77
72 90
22 72
35 86
32 35
28 35
35 39
17 35
35 85
13 35
7 35
35 89
35 55
23 35
35 77
35 90
22 35
32 86
28 86
39 86
17 86
85 86
13 86
7 86
86 89
55 86
23 86
77 86
86 90
22 86
28 32
32 39
17 32
32 85
13 32
7 32
32 89
32 55
23 32
32 77
32 90
22 32
28 39
17 28
28 85
13 28
7 28
28 89
28 55
23 28
28 77
28 90
22 28
17 39
39 85
13 39
7 39
39 89
39 55
23 39
39 77
39 90
22 39
17 85
13 17
7 17
17 89
17 55
17 23
17 77
17 90
17 22
13 85
7 85
85 89
55 85
23 85
77 85
85 90
22 85
7 13
13 89
13 55
13 23
13 77
13 90
13 22
7 89
7 55
7 23
7 77
7 90
7 22
55 89
23 89
77 89
89 90
22 89
23 55
55 77
55 90
22 55
23 77
23 90
22 23
77 90
22 77
22 90
