271.0000000000 211.0000000000
271.0000000000 211.0000000000
271.0000000000 211.0000000000
271.0000000000 211.0000000000
271.0000000000 211.0000000000
271.0000000000 211.0000000000
271.0000000000 211.0000000000
271.0000000000 211.0000000000
271.0000000000 211.0000000000
271.0000000000 211.0000000000
271.0000000000 211.0000000000
271.0000000000 211.0000000000
271.0000000000 211.0000000000
271.0000000000 211.0000000000
271.0000000000 211.0000000000
271.0000000000 211.0000000000
271.0000000000 211.0000000000
271.0000000000 211.0000000000
271.0000000000 211.0000000000
271.0000000000 211.0000000000
271.0000000000 211.0000000000
271.0000000000 211.0000000000
271.0000000000 211.0000000000
271.0000000000 211.0000000000
271.0000000000 211.0000000000
271.0000000000 211.0000000000
271.0000000000 211.0000000000
271.0000000000 211.0000000000
271.0000000000 211.0000000000
271.0000000000 211.0000000000
271.0000000000 211.0000000000
271.0000000000 211.0000000000
271.0000000000 211.0000000000
271.0000000000 211.0000000000
271.0000000000 211.0000000000
271.0000000000 211.0000000000
271.0000000000 211.0000000000
271.0000000000 211.0000000000
271.0000000000 211.0000000000
271.0000000000 211.0000000000
271.0000000000 211.0000000000
271.0000000000 211.0000000000
271.0000000000 211.0000000000
271.0000000000 211.0000000000
271.0000000000 211.0000000000
271.0000000000 211.0000000000
271.0000000000 211.0000000000
271.0000000000 211.0000000000
271.0000000000 211.0000000000
271.0000000000 211.0000000000
271.0000000000 211.0000000000
271.0000000000 211.0000000000
271.0000000000 211.0000000000
271.0000000000 211.0000000000
271.0000000000 211.0000000000
