37.0000000000 608.0000000000
479.5464495930 541.9180605278
529.1675251120 562.0923302599
578.0000000000 457.0000000000
447.4440381317 551.3797345815
626.0000000000 603.0000000000
483.7289274639 542.3379978360
240.0000000000 500.0000000000
889.0000000000 466.0000000000
552.0000000000 681.0000000000
476.9682905871 561.9608297205
471.0000000000 342.0000000000
425.8885572572 530.7922181290
719.0000000000 469.0000000000
478.0211182978 555.9859146991
643.0000000000 221.0000000000
619.0000000000 999.0000000000
452.0000000000 345.0000000000
519.2430442655 522.3792378039
492.9746290824 584.4120003762
526.8045033405 540.2757484869
478.2174837010 520.4886965283
423.3182201852 513.1819976906
118.0000000000 666.0000000000
466.1361738345 560.2054548484
513.1166482727 577.7659678564
529.0306021619 555.6119377162
503.0000000000 312.0000000000
463.8075005936 561.8584769712
75.0000000000 390.0000000000
525.9675815926 587.0387098748
698.0000000000 474.0000000000
463.8530633140 538.8271984539
323.0000000000 243.0000000000
500.4631998182 561.8365621358
493.1449537630 548.8958664995
501.9391763568 542.1321787743
462.7367997743 541.5576170424
769.0000000000 532.0000000000
484.0000000000 742.0000000000
322.0000000000 567.0000000000
482.7394045901 554.7016190963
479.3821817397 547.0633663170
179.0000000000 750.0000000000
381.0000000000 739.0000000000
815.0000000000 787.0000000000
213.0000000000 157.0000000000
655.0000000000 889.0000000000
525.5301890327 574.7947510978
19.0000000000 446.0000000000
948.0000000000 933.0000000000
930.0000000000 519.0000000000
529.0000000000 501.0000000000
524.8453827887 534.2625580828
499.7224375581 561.7123911069
