306.0000000000 570.5000000000
463.0000000000 246.0000000000
522.0000000000 213.0000000000
822.0000000000 216.0000000000
278.0000000000 652.0000000000
536.0000000000 458.0000000000
403.0000000000 187.0000000000
864.0000000000 213.0000000000
605.0000000000 950.0000000000
392.7500000000 356.7500000000
276.0000000000 432.0000000000
478.5000000000 589.5000000000
174.0000000000 894.0000000000
411.0000000000 916.5000000000
199.0000000000 476.5000000000
611.0000000000 450.5000000000
421.6666666667 395.3333333333
661.6666666667 533.0000000000
551.0000000000 621.6666666667
594.0000000000 20.0000000000
76.0000000000 683.0000000000
996.0000000000 233.0000000000
299.3333333333 87.6666666667
405.5000000000 476.5000000000
583.0000000000 551.0000000000
581.0000000000 68.0000000000
467.0000000000 362.0000000000
604.5000000000 619.0000000000
949.0000000000 883.0000000000
335.7500000000 643.7500000000
92.0000000000 39.0000000000
647.5000000000 755.0000000000
582.0000000000 520.4000000000
701.0000000000 524.0000000000
164.0000000000 873.0000000000
534.2500000000 752.2500000000
626.0000000000 687.0000000000
0.0000000000 663.0000000000
572.3333333333 270.6666666667
634.0000000000 753.0000000000
343.0000000000 128.0000000000
483.3333333333 301.3333333333
433.0000000000 420.3333333333
191.5000000000 563.2500000000
205.0000000000 64.0000000000
535.6666666667 224.6666666667
606.0000000000 444.8000000000
322.6666666667 325.3333333333
426.3333333333 386.6666666667
433.0000000000 216.5000000000
678.0000000000 218.0000000000
315.0000000000 219.0000000000
373.0000000000 157.5000000000
431.0000000000 378.0000000000
184.0000000000 650.0000000000
230.5000000000 407.0000000000
654.0000000000 293.6000000000
632.0000000000 551.0000000000
463.5000000000 554.5000000000
794.0000000000 208.0000000000
8.0000000000 296.0000000000
488.5000000000 498.5000000000
509.5000000000 263.0000000000
494.5000000000 287.5000000000
600.0000000000 728.0000000000
73.0000000000 380.0000000000
311.2500000000 704.7500000000
279.0000000000 260.0000000000
561.8333333333 186.3333333333
648.0000000000 939.0000000000
206.5000000000 389.7500000000
255.6666666667 47.3333333333
669.0000000000 823.0000000000
987.0000000000 415.0000000000
855.5000000000 526.5000000000
217.0000000000 933.0000000000
641.2500000000 353.2500000000
952.0000000000 169.0000000000
847.0000000000 840.0000000000
766.0000000000 345.5000000000
777.0000000000 414.5000000000
622.3333333333 542.0000000000
457.1666666667 339.6666666667
258.0000000000 167.0000000000
135.0000000000 175.0000000000
322.0000000000 159.0000000000
453.0000000000 518.0000000000
386.0000000000 708.0000000000
535.0000000000 320.0000000000
212.0000000000 7.0000000000
499.7500000000 248.2500000000
136.0000000000 759.0000000000
417.0000000000 404.0000000000
558.0000000000 596.0000000000
630.0000000000 369.2000000000
483.0000000000 221.0000000000
246.5000000000 682.5000000000
183.0000000000 789.0000000000
588.0000000000 148.0000000000
214.0000000000 303.0000000000
