469.0000000000 809.0000000000
469.0000000000 809.0000000000
469.0000000000 809.0000000000
469.0000000000 809.0000000000
469.0000000000 809.0000000000
469.0000000000 809.0000000000
469.0000000000 809.0000000000
469.0000000000 809.0000000000
469.0000000000 809.0000000000
469.0000000000 809.0000000000
469.0000000000 809.0000000000
469.0000000000 809.0000000000
469.0000000000 809.0000000000
469.0000000000 809.0000000000
469.0000000000 809.0000000000
469.0000000000 809.0000000000
469.0000000000 809.0000000000
469.0000000000 809.0000000000
469.0000000000 809.0000000000
469.0000000000 809.0000000000
469.0000000000 809.0000000000
469.0000000000 809.0000000000
469.0000000000 809.0000000000
469.0000000000 809.0000000000
469.0000000000 809.0000000000
469.0000000000 809.0000000000
469.0000000000 809.0000000000
469.0000000000 809.0000000000
469.0000000000 809.0000000000
469.0000000000 809.0000000000
469.0000000000 809.0000000000
469.0000000000 809.0000000000
469.0000000000 809.0000000000
469.0000000000 809.0000000000
469.0000000000 809.0000000000
469.0000000000 809.0000000000
469.0000000000 809.0000000000
469.0000000000 809.0000000000
469.0000000000 809.0000000000
469.0000000000 809.0000000000
469.0000000000 809.0000000000
469.0000000000 809.0000000000
469.0000000000 809.0000000000
469.0000000000 809.0000000000
469.0000000000 809.0000000000
469.0000000000 809.0000000000
469.0000000000 809.0000000000
469.0000000000 809.0000000000
469.0000000000 809.0000000000
469.0000000000 809.0000000000
469.0000000000 809.0000000000
469.0000000000 809.0000000000
469.0000000000 809.0000000000
469.0000000000 809.0000000000
469.0000000000 809.0000000000
