752.0000000000 347.0000000000
231.0000000000 283.0000000000
928.0000000000 341.0000000000
806.0000000000 611.0000000000
899.0000000000 454.0000000000
519.0000000000 440.0000000000
758.0000000000 527.0000000000
453.0000000000 391.0000000000
114.0000000000 168.0000000000
674.0000000000 279.0000000000
619.0000000000 55.0000000000
15.0000000000 760.0000000000
214.0000000000 289.0000000000
743.0000000000 884.0000000000
399.0000000000 231.0000000000
727.0000000000 253.0000000000
637.0000000000 401.0000000000
163.0000000000 392.0000000000
157.0000000000 142.0000000000
521.0000000000 262.0000000000
786.0000000000 496.0000000000
597.0000000000 640.0000000000
2.0000000000 445.0000000000
748.0000000000 383.0000000000
890.0000000000 951.0000000000
165.0000000000 950.0000000000
665.0000000000 954.0000000000
602.0000000000 623.0000000000
616.0000000000 302.0000000000
202.0000000000 113.0000000000
190.0000000000 23.0000000000
606.0000000000 656.0000000000
854.0000000000 368.0000000000
280.0000000000 752.0000000000
348.0000000000 550.0000000000
457.0000000000 596.0000000000
749.0000000000 993.0000000000
641.0000000000 544.0000000000
931.0000000000 758.0000000000
785.0000000000 385.0000000000
707.0000000000 418.0000000000
381.0000000000 192.0000000000
846.0000000000 56.0000000000
652.0000000000 150.0000000000
184.0000000000 782.0000000000
892.0000000000 195.0000000000
159.0000000000 650.0000000000
897.0000000000 562.0000000000
18.0000000000 805.0000000000
929.0000000000 56.0000000000
245.0000000000 478.0000000000
553.0000000000 652.0000000000
672.0000000000 687.0000000000
460.0000000000 502.0000000000
823.0000000000 880.0000000000
