100 100
-1 -1
-1 -1
-1 -1
-1 -1
-1 -1
-1 -1
-1 -1
-1 -1
-1 -1
-1 -1
-1 -1
-1 -1
-1 -1
-1 -1
-1 -1
-1 -1
-1 -1
-1 -1
-1 -1
-1 -1
-1 -1
-1 -1
-1 -1
-1 -1
-1 -1
-1 -1
-1 -1
-1 -1
-1 -1
-1 -1
-1 -1
-1 -1
-1 -1
-1 -1
-1 -1
-1 -1
-1 -1
-1 -1
-1 -1
-1 -1
-1 -1
-1 -1
-1 -1
-1 -1
-1 -1
-1 -1
-1 -1
-1 -1
-1 -1
-1 -1
-1 -1
-1 -1
-1 -1
744 816
-1 -1
-1 -1
-1 -1
-1 -1
-1 -1
-1 -1
-1 -1
-1 -1
-1 -1
-1 -1
-1 -1
-1 -1
-1 -1
-1 -1
-1 -1
-1 -1
-1 -1
-1 -1
-1 -1
-1 -1
-1 -1
-1 -1
-1 -1
-1 -1
-1 -1
-1 -1
-1 -1
-1 -1
-1 -1
-1 -1
-1 -1
-1 -1
-1 -1
-1 -1
-1 -1
-1 -1
-1 -1
-1 -1
-1 -1
-1 -1
-1 -1
-1 -1
-1 -1
-1 -1
-1 -1
-1 -1
13 51
15 51
13 83
41 83
5 41
5 17
9 17
9 33
33 93
89 93
4 89
4 36
36 78
31 78
31 72
72 98
40 98
40 50
50 92
92 99
90 99
90 100
10 100
10 96
94 96
48 94
48 79
12 79
12 97
45 97
29 45
16 29
16 43
43 63
14 63
11 14
11 81
58 81
58 91
57 91
57 75
59 75
27 59
27 53
53 55
42 55
22 42
22 49
49 74
56 74
56 67
35 67
35 80
77 80
32 77
32 47
47 54
26 54
26 30
30 65
34 65
3 34
2 3
2 61
21 61
21 23
23 38
28 38
28 69
18 69
18 46
46 52
39 52
24 39
24 60
20 60
20 25
25 66
19 66
19 86
85 86
85 88
88 95
44 95
44 84
71 84
7 71
7 73
8 73
8 70
1 70
1 68
62 68
62 76
76 87
37 87
37 64
6 64
6 82
15 82
