434.2400000000 569.3200000000
867.0000000000 722.0000000000
434.2400000000 569.3200000000
434.2400000000 569.3200000000
434.2400000000 569.3200000000
434.2400000000 569.3200000000
264.0000000000 815.0000000000
434.2400000000 569.3200000000
11.0000000000 395.0000000000
434.2400000000 569.3200000000
434.2400000000 569.3200000000
434.2400000000 569.3200000000
434.2400000000 569.3200000000
804.0000000000 924.0000000000
434.2400000000 569.3200000000
418.0000000000 964.0000000000
434.2400000000 569.3200000000
434.2400000000 569.3200000000
434.2400000000 569.3200000000
434.2400000000 569.3200000000
93.0000000000 768.0000000000
434.2400000000 569.3200000000
434.2400000000 569.3200000000
434.2400000000 569.3200000000
434.2400000000 569.3200000000
434.2400000000 569.3200000000
282.0000000000 88.0000000000
434.2400000000 569.3200000000
434.2400000000 569.3200000000
824.0000000000 519.0000000000
434.2400000000 569.3200000000
46.0000000000 746.0000000000
434.2400000000 569.3200000000
434.2400000000 569.3200000000
434.2400000000 569.3200000000
434.2400000000 569.3200000000
434.2400000000 569.3200000000
434.2400000000 569.3200000000
434.2400000000 569.3200000000
434.2400000000 569.3200000000
434.2400000000 569.3200000000
29.0000000000 947.0000000000
156.0000000000 264.0000000000
835.0000000000 804.0000000000
780.0000000000 569.0000000000
244.0000000000 547.0000000000
434.2400000000 569.3200000000
434.2400000000 569.3200000000
434.2400000000 569.3200000000
434.2400000000 569.3200000000
434.2400000000 569.3200000000
434.2400000000 569.3200000000
434.2400000000 569.3200000000
434.2400000000 569.3200000000
434.2400000000 569.3200000000
434.2400000000 569.3200000000
434.2400000000 569.3200000000
434.2400000000 569.3200000000
434.2400000000 569.3200000000
434.2400000000 569.3200000000
591.0000000000 706.0000000000
434.2400000000 569.3200000000
434.2400000000 569.3200000000
434.2400000000 569.3200000000
434.2400000000 569.3200000000
434.2400000000 569.3200000000
429.0000000000 82.0000000000
434.2400000000 569.3200000000
750.0000000000 830.0000000000
434.2400000000 569.3200000000
434.2400000000 569.3200000000
434.2400000000 569.3200000000
434.2400000000 569.3200000000
434.2400000000 569.3200000000
434.2400000000 569.3200000000
434.2400000000 569.3200000000
434.2400000000 569.3200000000
434.2400000000 569.3200000000
434.2400000000 569.3200000000
821.0000000000 558.0000000000
434.2400000000 569.3200000000
434.2400000000 569.3200000000
434.2400000000 569.3200000000
434.2400000000 569.3200000000
867.0000000000 92.0000000000
705.0000000000 836.0000000000
434.2400000000 569.3200000000
434.2400000000 569.3200000000
434.2400000000 569.3200000000
434.2400000000 569.3200000000
434.2400000000 569.3200000000
106.0000000000 415.0000000000
434.2400000000 569.3200000000
434.2400000000 569.3200000000
159.0000000000 339.0000000000
677.0000000000 179.0000000000
434.2400000000 569.3200000000
72.0000000000 787.0000000000
26.0000000000 337.0000000000
434.2400000000 569.3200000000
