518.0000000000 412.0000000000
437.0000000000 17.0000000000
933.0000000000 258.0000000000
324.0000000000 251.0000000000
359.0000000000 248.0000000000
104.0000000000 575.0000000000
157.0000000000 944.0000000000
368.0000000000 231.0000000000
282.0000000000 17.0000000000
535.0000000000 30.0000000000
455.0000000000 161.0000000000
118.0000000000 563.0000000000
460.0000000000 270.0000000000
298.0000000000 83.0000000000
753.0000000000 544.0000000000
429.0000000000 491.0000000000
271.0000000000 472.0000000000
984.0000000000 486.0000000000
169.0000000000 324.0000000000
710.0000000000 603.0000000000
881.0000000000 988.0000000000
764.0000000000 735.0000000000
497.0000000000 334.0000000000
763.0000000000 934.0000000000
293.0000000000 689.0000000000
51.0000000000 589.0000000000
248.0000000000 225.0000000000
143.0000000000 115.0000000000
129.0000000000 195.0000000000
648.0000000000 654.0000000000
717.0000000000 235.0000000000
796.0000000000 451.0000000000
300.0000000000 327.0000000000
354.0000000000 557.0000000000
953.0000000000 596.0000000000
550.0000000000 858.0000000000
653.0000000000 363.0000000000
620.0000000000 566.0000000000
298.0000000000 516.0000000000
512.0000000000 726.0000000000
425.0000000000 995.0000000000
677.0000000000 256.0000000000
561.0000000000 133.0000000000
783.0000000000 249.0000000000
669.0000000000 588.0000000000
584.0000000000 494.0000000000
436.0000000000 653.0000000000
426.0000000000 276.0000000000
875.0000000000 11.0000000000
221.0000000000 18.0000000000
350.0000000000 157.0000000000
237.0000000000 17.0000000000
265.0000000000 222.0000000000
885.0000000000 447.0000000000
389.0000000000 86.0000000000
