384.0000000000 349.0000000000
595.0000000000 705.0000000000
183.0000000000 793.0000000000
921.0000000000 154.0000000000
409.0000000000 377.0000000000
37.0000000000 130.0000000000
19.0000000000 983.0000000000
504.0000000000 222.0000000000
5.0000000000 998.0000000000
570.0000000000 943.0000000000
329.0000000000 760.0000000000
14.0000000000 296.0000000000
476.0000000000 326.0000000000
166.0000000000 133.0000000000
209.0000000000 485.0000000000
185.0000000000 229.0000000000
568.0000000000 212.0000000000
173.0000000000 514.0000000000
175.0000000000 198.0000000000
698.0000000000 736.0000000000
152.0000000000 38.0000000000
389.0000000000 897.0000000000
195.0000000000 925.0000000000
126.0000000000 481.0000000000
718.0000000000 261.0000000000
484.0000000000 52.0000000000
801.0000000000 598.0000000000
262.0000000000 392.0000000000
623.0000000000 413.0000000000
649.0000000000 363.0000000000
490.0000000000 590.0000000000
707.0000000000 830.0000000000
640.0000000000 114.0000000000
626.0000000000 336.0000000000
875.0000000000 814.0000000000
819.0000000000 292.0000000000
359.0000000000 693.0000000000
371.0000000000 245.0000000000
332.0000000000 666.0000000000
828.0000000000 589.0000000000
286.0000000000 498.0000000000
69.0000000000 88.0000000000
653.0000000000 676.0000000000
405.0000000000 890.0000000000
713.0000000000 240.0000000000
295.0000000000 328.0000000000
278.0000000000 475.0000000000
281.0000000000 153.0000000000
406.0000000000 889.0000000000
317.0000000000 301.0000000000
317.0000000000 928.0000000000
405.0000000000 688.0000000000
139.0000000000 359.0000000000
86.0000000000 525.0000000000
912.0000000000 671.0000000000
317.0000000000 246.0000000000
777.0000000000 608.0000000000
126.0000000000 334.0000000000
354.0000000000 572.0000000000
483.0000000000 246.0000000000
872.0000000000 539.0000000000
267.0000000000 261.0000000000
833.0000000000 664.0000000000
631.0000000000 960.0000000000
365.0000000000 654.0000000000
665.0000000000 637.0000000000
526.0000000000 132.0000000000
47.0000000000 374.0000000000
777.0000000000 745.0000000000
451.0000000000 617.0000000000
657.0000000000 812.0000000000
957.0000000000 914.0000000000
111.0000000000 812.0000000000
663.0000000000 15.0000000000
26.0000000000 643.0000000000
730.0000000000 559.0000000000
214.0000000000 140.0000000000
662.0000000000 54.0000000000
807.0000000000 259.0000000000
233.0000000000 619.0000000000
552.0000000000 972.0000000000
899.0000000000 976.0000000000
557.0000000000 386.0000000000
959.0000000000 793.0000000000
497.0000000000 111.0000000000
943.0000000000 396.0000000000
489.0000000000 501.0000000000
678.0000000000 154.0000000000
142.0000000000 595.0000000000
92.0000000000 22.0000000000
124.0000000000 117.0000000000
201.0000000000 726.0000000000
326.0000000000 670.0000000000
596.0000000000 364.0000000000
478.0000000000 720.0000000000
975.0000000000 794.0000000000
152.0000000000 395.0000000000
551.0000000000 267.0000000000
930.0000000000 707.0000000000
716.0000000000 987.0000000000
