55 54
-1 -1
-1 -1
-1 -1
-1 -1
-1 -1
-1 -1
-1 -1
-1 -1
592 614
962 908
-1 -1
-1 -1
-1 -1
-1 -1
679 394
-1 -1
-1 -1
-1 -1
-1 -1
-1 -1
-1 -1
-1 -1
892 779
179 177
-1 -1
-1 -1
-1 -1
201 536
-1 -1
903 195
-1 -1
-1 -1
-1 -1
-1 -1
-1 -1
-1 -1
-1 -1
-1 -1
572 441
-1 -1
-1 -1
-1 -1
354 101
-1 -1
-1 -1
-1 -1
-1 -1
983 983
474 704
-1 -1
914 459
624 851
850 170
-1 -1
-1 -1
1 13
1 23
1 26
1 25
1 34
13 17
13 49
13 15
13 35
10 13
17 55
17 45
17 20
17 24
17 36
17 18
2 17
43 49
32 49
49 54
29 49
49 50
21 49
7 49
46 49
3 49
38 43
41 43
8 43
19 43
22 38
33 38
26 42
26 44
14 55
15 28
11 35
6 29
29 52
29 37
12 28
39 50
47 50
48 50
4 21
21 53
5 39
5 27
47 51
7 40
7 30
9 46
16 46
4 31
