55 1485
78 305
609 229
497 311
99 204
863 151
97 734
243 331
54 303
537 293
12 22
577 845
859 160
932 774
362 907
629 871
573 950
603 202
7 765
891 749
578 108
794 205
430 764
331 263
965 849
884 775
744 408
218 527
126 72
131 711
965 186
72 457
334 232
754 574
14 11
307 488
286 875
897 266
239 215
878 165
653 335
349 799
736 480
65 971
109 981
297 139
804 407
699 702
107 187
813 420
175 493
562 561
80 988
531 919
627 960
316 613
4 21
4 55
4 30
4 53
4 25
4 12
4 42
4 38
4 46
4 28
4 14
4 50
4 49
4 5
4 11
4 29
4 33
4 16
4 19
4 15
4 54
4 36
4 17
4 27
4 7
4 26
4 39
4 24
4 20
4 22
4 34
4 40
1 4
4 18
4 13
4 48
4 37
4 31
3 4
4 23
4 32
4 43
4 47
4 35
4 44
4 45
4 10
4 6
4 52
4 8
2 4
4 9
4 51
4 41
21 55
21 30
21 53
21 25
12 21
21 42
21 38
21 46
21 28
14 21
21 50
21 49
5 21
11 21
21 29
21 33
16 21
19 21
15 21
21 54
21 36
17 21
21 27
7 21
21 26
21 39
21 24
20 21
21 22
21 34
21 40
1 21
18 21
13 21
21 48
21 37
21 31
3 21
21 23
21 32
21 43
21 47
21 35
21 44
21 45
10 21
6 21
21 52
8 21
2 21
9 21
21 51
21 41
30 55
53 55
25 55
12 55
42 55
38 55
46 55
28 55
14 55
50 55
49 55
5 55
11 55
29 55
33 55
16 55
19 55
15 55
54 55
36 55
17 55
27 55
7 55
26 55
39 55
24 55
20 55
22 55
34 55
40 55
1 55
18 55
13 55
48 55
37 55
31 55
3 55
23 55
32 55
43 55
47 55
35 55
44 55
45 55
10 55
6 55
52 55
8 55
2 55
9 55
51 55
41 55
30 53
25 30
12 30
30 42
30 38
30 46
28 30
14 30
30 50
30 49
5 30
11 30
29 30
30 33
16 30
19 30
15 30
30 54
30 36
17 30
27 30
7 30
26 30
30 39
24 30
20 30
22 30
30 34
30 40
1 30
18 30
13 30
30 48
30 37
30 31
3 30
23 30
30 32
30 43
30 47
30 35
30 44
30 45
10 30
6 30
30 52
8 30
2 30
9 30
30 51
30 41
25 53
12 53
42 53
38 53
46 53
28 53
14 53
50 53
49 53
5 53
11 53
29 53
33 53
16 53
19 53
15 53
53 54
36 53
17 53
27 53
7 53
26 53
39 53
24 53
20 53
22 53
34 53
40 53
1 53
18 53
13 53
48 53
37 53
31 53
3 53
23 53
32 53
43 53
47 53
35 53
44 53
45 53
10 53
6 53
52 53
8 53
2 53
9 53
51 53
41 53
12 25
25 42
25 38
25 46
25 28
14 25
25 50
25 49
5 25
11 25
25 29
25 33
16 25
19 25
15 25
25 54
25 36
17 25
25 27
7 25
25 26
25 39
24 25
20 25
22 25
25 34
25 40
1 25
18 25
13 25
25 48
25 37
25 31
3 25
23 25
25 32
25 43
25 47
25 35
25 44
25 45
10 25
6 25
25 52
8 25
2 25
9 25
25 51
25 41
12 42
12 38
12 46
12 28
12 14
12 50
12 49
5 12
11 12
12 29
12 33
12 16
12 19
12 15
12 54
12 36
12 17
12 27
7 12
12 26
12 39
12 24
12 20
12 22
12 34
12 40
1 12
12 18
12 13
12 48
12 37
12 31
3 12
12 23
12 32
12 43
12 47
12 35
12 44
12 45
10 12
6 12
12 52
8 12
2 12
9 12
12 51
12 41
38 42
42 46
28 42
14 42
42 50
42 49
5 42
11 42
29 42
33 42
16 42
19 42
15 42
42 54
36 42
17 42
27 42
7 42
26 42
39 42
24 42
20 42
22 42
34 42
40 42
1 42
18 42
13 42
42 48
37 42
31 42
3 42
23 42
32 42
42 43
42 47
35 42
42 44
42 45
10 42
6 42
42 52
8 42
2 42
9 42
42 51
41 42
38 46
28 38
14 38
38 50
38 49
5 38
11 38
29 38
33 38
16 38
19 38
15 38
38 54
36 38
17 38
27 38
7 38
26 38
38 39
24 38
20 38
22 38
34 38
38 40
1 38
18 38
13 38
38 48
37 38
31 38
3 38
23 38
32 38
38 43
38 47
35 38
38 44
38 45
10 38
6 38
38 52
8 38
2 38
9 38
38 51
38 41
28 46
14 46
46 50
46 49
5 46
11 46
29 46
33 46
16 46
19 46
15 46
46 54
36 46
17 46
27 46
7 46
26 46
39 46
24 46
20 46
22 46
34 46
40 46
1 46
18 46
13 46
46 48
37 46
31 46
3 46
23 46
32 46
43 46
46 47
35 46
44 46
45 46
10 46
6 46
46 52
8 46
2 46
9 46
46 51
41 46
14 28
28 50
28 49
5 28
11 28
28 29
28 33
16 28
19 28
15 28
28 54
28 36
17 28
27 28
7 28
26 28
28 39
24 28
20 28
22 28
28 34
28 40
1 28
18 28
13 28
28 48
28 37
28 31
3 28
23 28
28 32
28 43
28 47
28 35
28 44
28 45
10 28
6 28
28 52
8 28
2 28
9 28
28 51
28 41
14 50
14 49
5 14
11 14
14 29
14 33
14 16
14 19
14 15
14 54
14 36
14 17
14 27
7 14
14 26
14 39
14 24
14 20
14 22
14 34
14 40
1 14
14 18
13 14
14 48
14 37
14 31
3 14
14 23
14 32
14 43
14 47
14 35
14 44
14 45
10 14
6 14
14 52
8 14
2 14
9 14
14 51
14 41
49 50
5 50
11 50
29 50
33 50
16 50
19 50
15 50
50 54
36 50
17 50
27 50
7 50
26 50
39 50
24 50
20 50
22 50
34 50
40 50
1 50
18 50
13 50
48 50
37 50
31 50
3 50
23 50
32 50
43 50
47 50
35 50
44 50
45 50
10 50
6 50
50 52
8 50
2 50
9 50
50 51
41 50
5 49
11 49
29 49
33 49
16 49
19 49
15 49
49 54
36 49
17 49
27 49
7 49
26 49
39 49
24 49
20 49
22 49
34 49
40 49
1 49
18 49
13 49
48 49
37 49
31 49
3 49
23 49
32 49
43 49
47 49
35 49
44 49
45 49
10 49
6 49
49 52
8 49
2 49
9 49
49 51
41 49
5 11
5 29
5 33
5 16
5 19
5 15
5 54
5 36
5 17
5 27
5 7
5 26
5 39
5 24
5 20
5 22
5 34
5 40
1 5
5 18
5 13
5 48
5 37
5 31
3 5
5 23
5 32
5 43
5 47
5 35
5 44
5 45
5 10
5 6
5 52
5 8
2 5
5 9
5 51
5 41
11 29
11 33
11 16
11 19
11 15
11 54
11 36
11 17
11 27
7 11
11 26
11 39
11 24
11 20
11 22
11 34
11 40
1 11
11 18
11 13
11 48
11 37
11 31
3 11
11 23
11 32
11 43
11 47
11 35
11 44
11 45
10 11
6 11
11 52
8 11
2 11
9 11
11 51
11 41
29 33
16 29
19 29
15 29
29 54
29 36
17 29
27 29
7 29
26 29
29 39
24 29
20 29
22 29
29 34
29 40
1 29
18 29
13 29
29 48
29 37
29 31
3 29
23 29
29 32
29 43
29 47
29 35
29 44
29 45
10 29
6 29
29 52
8 29
2 29
9 29
29 51
29 41
16 33
19 33
15 33
33 54
33 36
17 33
27 33
7 33
26 33
33 39
24 33
20 33
22 33
33 34
33 40
1 33
18 33
13 33
33 48
33 37
31 33
3 33
23 33
32 33
33 43
33 47
33 35
33 44
33 45
10 33
6 33
33 52
8 33
2 33
9 33
33 51
33 41
16 19
15 16
16 54
16 36
16 17
16 27
7 16
16 26
16 39
16 24
16 20
16 22
16 34
16 40
1 16
16 18
13 16
16 48
16 37
16 31
3 16
16 23
16 32
16 43
16 47
16 35
16 44
16 45
10 16
6 16
16 52
8 16
2 16
9 16
16 51
16 41
15 19
19 54
19 36
17 19
19 27
7 19
19 26
19 39
19 24
19 20
19 22
19 34
19 40
1 19
18 19
13 19
19 48
19 37
19 31
3 19
19 23
19 32
19 43
19 47
19 35
19 44
19 45
10 19
6 19
19 52
8 19
2 19
9 19
19 51
19 41
15 54
15 36
15 17
15 27
7 15
15 26
15 39
15 24
15 20
15 22
15 34
15 40
1 15
15 18
13 15
15 48
15 37
15 31
3 15
15 23
15 32
15 43
15 47
15 35
15 44
15 45
10 15
6 15
15 52
8 15
2 15
9 15
15 51
15 41
36 54
17 54
27 54
7 54
26 54
39 54
24 54
20 54
22 54
34 54
40 54
1 54
18 54
13 54
48 54
37 54
31 54
3 54
23 54
32 54
43 54
47 54
35 54
44 54
45 54
10 54
6 54
52 54
8 54
2 54
9 54
51 54
41 54
17 36
27 36
7 36
26 36
36 39
24 36
20 36
22 36
34 36
36 40
1 36
18 36
13 36
36 48
36 37
31 36
3 36
23 36
32 36
36 43
36 47
35 36
36 44
36 45
10 36
6 36
36 52
8 36
2 36
9 36
36 51
36 41
17 27
7 17
17 26
17 39
17 24
17 20
17 22
17 34
17 40
1 17
17 18
13 17
17 48
17 37
17 31
3 17
17 23
17 32
17 43
17 47
17 35
17 44
17 45
10 17
6 17
17 52
8 17
2 17
9 17
17 51
17 41
7 27
26 27
27 39
24 27
20 27
22 27
27 34
27 40
1 27
18 27
13 27
27 48
27 37
27 31
3 27
23 27
27 32
27 43
27 47
27 35
27 44
27 45
10 27
6 27
27 52
8 27
2 27
9 27
27 51
27 41
7 26
7 39
7 24
7 20
7 22
7 34
7 40
1 7
7 18
7 13
7 48
7 37
7 31
3 7
7 23
7 32
7 43
7 47
7 35
7 44
7 45
7 10
6 7
7 52
7 8
2 7
7 9
7 51
7 41
26 39
24 26
20 26
22 26
26 34
26 40
1 26
18 26
13 26
26 48
26 37
26 31
3 26
23 26
26 32
26 43
26 47
26 35
26 44
26 45
10 26
6 26
26 52
8 26
2 26
9 26
26 51
26 41
24 39
20 39
22 39
34 39
39 40
1 39
18 39
13 39
39 48
37 39
31 39
3 39
23 39
32 39
39 43
39 47
35 39
39 44
39 45
10 39
6 39
39 52
8 39
2 39
9 39
39 51
39 41
20 24
22 24
24 34
24 40
1 24
18 24
13 24
24 48
24 37
24 31
3 24
23 24
24 32
24 43
24 47
24 35
24 44
24 45
10 24
6 24
24 52
8 24
2 24
9 24
24 51
24 41
20 22
20 34
20 40
1 20
18 20
13 20
20 48
20 37
20 31
3 20
20 23
20 32
20 43
20 47
20 35
20 44
20 45
10 20
6 20
20 52
8 20
2 20
9 20
20 51
20 41
22 34
22 40
1 22
18 22
13 22
22 48
22 37
22 31
3 22
22 23
22 32
22 43
22 47
22 35
22 44
22 45
10 22
6 22
22 52
8 22
2 22
9 22
22 51
22 41
34 40
1 34
18 34
13 34
34 48
34 37
31 34
3 34
23 34
32 34
34 43
34 47
34 35
34 44
34 45
10 34
6 34
34 52
8 34
2 34
9 34
34 51
34 41
1 40
18 40
13 40
40 48
37 40
31 40
3 40
23 40
32 40
40 43
40 47
35 40
40 44
40 45
10 40
6 40
40 52
8 40
2 40
9 40
40 51
40 41
1 18
1 13
1 48
1 37
1 31
1 3
1 23
1 32
1 43
1 47
1 35
1 44
1 45
1 10
1 6
1 52
1 8
1 2
1 9
1 51
1 41
13 18
18 48
18 37
18 31
3 18
18 23
18 32
18 43
18 47
18 35
18 44
18 45
10 18
6 18
18 52
8 18
2 18
9 18
18 51
18 41
13 48
13 37
13 31
3 13
13 23
13 32
13 43
13 47
13 35
13 44
13 45
10 13
6 13
13 52
8 13
2 13
9 13
13 51
13 41
37 48
31 48
3 48
23 48
32 48
43 48
47 48
35 48
44 48
45 48
10 48
6 48
48 52
8 48
2 48
9 48
48 51
41 48
31 37
3 37
23 37
32 37
37 43
37 47
35 37
37 44
37 45
10 37
6 37
37 52
8 37
2 37
9 37
37 51
37 41
3 31
23 31
31 32
31 43
31 47
31 35
31 44
31 45
10 31
6 31
31 52
8 31
2 31
9 31
31 51
31 41
3 23
3 32
3 43
3 47
3 35
3 44
3 45
3 10
3 6
3 52
3 8
2 3
3 9
3 51
3 41
23 32
23 43
23 47
23 35
23 44
23 45
10 23
6 23
23 52
8 23
2 23
9 23
23 51
23 41
32 43
32 47
32 35
32 44
32 45
10 32
6 32
32 52
8 32
2 32
9 32
32 51
32 41
43 47
35 43
43 44
43 45
10 43
6 43
43 52
8 43
2 43
9 43
43 51
41 43
35 47
44 47
45 47
10 47
6 47
47 52
8 47
2 47
9 47
47 51
41 47
35 44
35 45
10 35
6 35
35 52
8 35
2 35
9 35
35 51
35 41
44 45
10 44
6 44
44 52
8 44
2 44
9 44
44 51
41 44
10 45
6 45
45 52
8 45
2 45
9 45
45 51
41 45
6 10
10 52
8 10
2 10
9 10
10 51
10 41
6 52
6 8
2 6
6 9
6 51
6 41
8 52
2 52
9 52
51 52
41 52
2 8
8 9
8 51
8 41
2 9
2 51
2 41
9 51
9 41
41 51
