55 54
-1 -1
-1 -1
-1 -1
-1 -1
-1 -1
-1 -1
-1 -1
-1 -1
-1 -1
-1 -1
-1 -1
264 850
-1 -1
-1 -1
-1 -1
-1 -1
-1 -1
-1 -1
-1 -1
-1 -1
-1 -1
-1 -1
-1 -1
-1 -1
-1 -1
-1 -1
-1 -1
-1 -1
-1 -1
-1 -1
-1 -1
-1 -1
-1 -1
-1 -1
-1 -1
-1 -1
-1 -1
-1 -1
-1 -1
-1 -1
-1 -1
-1 -1
-1 -1
-1 -1
-1 -1
-1 -1
-1 -1
-1 -1
-1 -1
-1 -1
-1 -1
-1 -1
-1 -1
-1 -1
-1 -1
17 55
2 55
28 55
17 21
17 37
12 17
17 27
17 19
17 35
21 38
21 42
8 21
3 37
34 37
37 40
2 18
2 16
2 49
18 50
12 23
44 50
11 50
16 48
16 30
48 53
9 38
9 33
9 54
9 36
22 23
23 31
4 23
14 33
20 33
5 54
3 29
47 49
14 41
14 39
7 31
10 31
41 46
41 43
41 52
5 15
7 24
24 51
1 51
30 45
4 13
13 32
26 43
25 45
6 19
