100 99
384 349
595 705
183 793
921 154
409 377
37 130
19 983
504 222
5 998
570 943
329 760
14 296
476 326
166 133
209 485
185 229
568 212
173 514
175 198
698 736
152 38
389 897
195 925
126 481
718 261
484 52
801 598
262 392
623 413
649 363
490 590
707 830
640 114
626 336
875 814
819 292
359 693
371 245
332 666
828 589
286 498
69 88
653 676
405 890
713 240
295 328
278 475
281 153
406 889
317 301
317 928
405 688
139 359
86 525
912 671
317 246
777 608
126 334
354 572
483 246
872 539
267 261
833 664
631 960
365 654
665 637
526 132
47 374
777 745
451 617
657 812
957 914
111 812
663 15
26 643
730 559
214 140
662 54
807 259
233 619
552 972
899 976
557 386
959 793
497 111
943 396
489 501
678 154
142 595
92 22
124 117
201 726
326 670
596 364
478 720
975 794
152 395
551 267
930 707
716 987
55 89
55 56
13 55
18 55
31 55
2 55
55 98
55 57
17 55
55 81
25 55
55 75
30 55
55 70
55 77
47 55
55 61
22 55
55 95
27 55
49 55
55 93
55 69
55 59
55 74
38 55
37 55
55 88
34 55
55 82
9 55
55 67
28 55
55 68
14 55
11 55
55 100
16 55
55 76
29 55
3 55
48 55
5 55
45 55
55 86
55 73
52 55
33 55
44 55
36 55
20 55
42 55
55 58
55 60
55 64
55 72
15 55
43 55
6 55
54 55
53 55
46 55
55 66
50 55
55 79
55 84
1 55
26 55
55 91
8 55
32 55
55 63
12 55
55 99
55 85
55 97
55 96
7 55
55 62
41 55
55 92
55 80
55 87
55 78
55 94
35 55
55 65
51 55
24 55
55 83
10 55
55 90
55 71
21 55
4 55
23 55
39 55
19 55
40 55
