55 742
540 864
330 479
845 491
19 598
332 114
569 366
351 60
184 642
296 429
147 841
529 585
537 512
289 880
734 108
441 63
121 332
612 612
872 500
393 593
697 681
518 837
227 354
302 16
209 937
723 865
386 356
867 110
623 371
119 552
169 924
281 838
900 745
923 844
735 83
102 800
259 639
61 864
210 796
229 677
649 838
871 759
772 525
944 491
9 343
757 902
227 858
13 681
571 756
970 724
719 818
513 510
611 578
945 784
290 167
525 569
26 27
5 27
27 50
4 27
16 27
27 32
27 49
27 43
27 45
27 29
27 38
27 37
22 27
27 48
27 53
27 55
2 27
10 27
7 27
27 41
3 27
27 34
27 28
13 27
27 36
15 27
14 27
27 40
27 33
11 27
9 26
26 52
19 26
6 26
26 50
26 54
16 26
26 49
26 45
26 38
26 31
26 35
26 55
2 26
10 26
26 39
26 41
18 26
8 26
13 26
20 26
26 40
23 26
26 33
11 26
6 9
9 54
4 9
9 16
9 32
9 49
9 45
9 17
9 29
9 31
9 47
9 44
9 22
9 21
9 35
9 53
9 10
7 9
9 41
9 18
3 9
9 34
9 28
9 13
9 20
9 14
9 23
9 33
19 52
5 52
51 52
30 52
43 52
17 52
29 52
31 52
22 52
48 52
35 52
52 55
2 52
10 52
18 52
42 52
3 52
28 52
13 52
20 52
14 52
40 52
23 52
4 19
19 51
16 19
19 30
19 43
17 19
19 29
19 37
19 44
19 22
19 21
19 53
19 55
19 39
19 41
18 19
19 42
3 19
19 34
19 36
1 19
15 19
19 46
14 19
19 33
11 19
6 50
6 54
6 51
6 32
6 49
6 24
6 31
6 47
6 37
6 12
6 22
6 48
6 53
2 6
6 10
6 18
6 42
6 8
6 34
6 28
6 20
6 15
6 46
5 54
5 51
5 32
5 30
5 49
5 24
5 29
5 31
5 37
5 22
5 55
2 5
5 10
5 7
5 41
5 28
5 36
5 20
1 5
5 14
5 23
5 11
50 54
16 50
32 50
30 50
49 50
43 50
45 50
31 50
47 50
37 50
44 50
22 50
48 50
50 53
50 55
25 50
7 50
42 50
34 50
28 50
13 50
15 50
14 50
11 50
4 54
51 54
16 54
32 54
30 54
49 54
45 54
24 54
17 54
29 54
38 54
31 54
47 54
37 54
12 54
44 54
48 54
35 54
54 55
10 54
39 54
42 54
34 54
20 54
1 54
15 54
14 54
40 54
33 54
11 54
4 16
4 49
4 43
4 45
4 24
4 29
4 38
4 31
4 37
4 12
4 53
4 55
2 4
4 7
4 42
4 8
3 4
4 34
4 13
4 36
4 20
4 33
4 11
16 51
30 51
24 51
29 51
47 51
37 51
44 51
22 51
21 51
48 51
35 51
10 51
39 51
7 51
18 51
3 51
13 51
36 51
20 51
15 51
14 51
23 51
16 32
16 43
16 17
16 29
16 38
16 37
16 53
16 55
16 41
16 18
16 42
3 16
16 34
16 28
13 16
16 36
15 16
14 16
16 40
32 43
32 45
17 32
29 32
32 38
31 32
32 47
32 44
22 32
32 48
32 35
32 53
32 55
25 32
32 41
18 32
32 42
8 32
32 34
28 32
32 36
14 32
32 40
11 32
30 43
30 45
29 30
30 38
30 31
30 47
12 30
30 44
21 30
30 35
30 55
30 39
7 30
18 30
8 30
30 34
13 30
1 30
15 30
30 40
23 30
11 30
43 49
45 49
17 49
31 49
47 49
37 49
12 49
44 49
21 49
48 49
35 49
49 55
25 49
10 49
39 49
7 49
41 49
42 49
20 49
1 49
14 49
40 49
23 49
11 49
43 45
17 43
31 43
37 43
12 43
22 43
43 55
2 43
25 43
10 43
39 43
18 43
3 43
34 43
28 43
20 43
14 43
23 43
33 43
11 43
24 45
29 45
31 45
45 47
37 45
12 45
22 45
45 55
25 45
10 45
7 45
18 45
42 45
3 45
34 45
28 45
13 45
15 45
45 46
23 45
33 45
11 45
17 24
24 29
24 38
24 47
24 37
21 24
24 48
24 53
2 24
24 39
7 24
18 24
8 24
24 34
24 28
1 24
15 24
23 24
24 33
17 29
17 37
12 17
17 44
17 22
17 21
17 35
17 55
7 17
17 41
17 18
17 42
3 17
1 17
17 23
17 33
29 44
22 29
21 29
29 48
29 53
29 55
25 29
10 29
7 29
18 29
3 29
29 34
28 29
13 29
1 29
29 46
14 29
23 29
11 29
31 38
22 38
38 53
2 38
10 38
38 39
18 38
28 38
13 38
1 38
38 46
38 40
33 38
11 38
31 47
31 37
12 31
22 31
31 35
31 55
2 31
25 31
10 31
31 39
7 31
18 31
31 42
28 31
13 31
15 31
31 40
37 47
44 47
47 48
35 47
47 53
2 47
25 47
39 47
7 47
41 47
18 47
8 47
34 47
28 47
13 47
20 47
1 47
14 47
40 47
33 47
11 47
37 44
37 53
10 37
37 39
7 37
37 41
37 42
13 37
36 37
1 37
23 37
12 22
12 48
12 55
12 25
10 12
7 12
12 41
12 18
8 12
12 36
12 20
22 44
21 44
44 48
44 53
44 55
2 44
25 44
39 44
7 44
41 44
3 44
13 44
36 44
20 44
15 44
44 46
22 35
2 22
22 25
22 39
7 22
22 41
18 22
22 42
8 22
3 22
22 34
22 28
22 36
20 22
1 22
22 46
14 22
22 23
22 33
21 48
21 35
21 25
21 39
18 21
8 21
1 21
21 23
35 48
48 53
48 55
2 48
25 48
10 48
18 48
42 48
8 48
20 48
1 48
15 48
14 48
33 48
10 35
7 35
35 41
18 35
28 35
35 36
20 35
35 46
14 35
35 40
23 35
2 53
7 53
18 53
3 53
28 53
36 53
20 53
46 53
14 53
40 53
11 53
25 55
41 55
42 55
28 55
13 55
36 55
15 55
46 55
40 55
33 55
11 55
2 25
2 39
2 7
2 41
2 3
2 28
2 20
2 46
2 14
2 23
2 33
2 11
25 42
25 28
13 25
25 36
1 25
15 25
25 46
25 40
11 25
10 41
8 10
10 34
10 14
10 33
7 39
39 41
18 39
28 39
13 39
20 39
15 39
39 46
39 40
11 39
7 42
3 7
7 34
7 28
1 7
7 46
7 14
7 40
7 33
7 11
18 41
41 42
3 41
34 41
13 41
1 41
41 46
14 41
40 41
3 18
18 28
15 18
18 46
14 18
18 40
18 23
8 42
3 42
34 42
28 42
13 42
1 42
14 42
33 42
11 42
8 34
8 13
8 36
1 8
8 15
8 46
3 13
3 20
1 3
3 46
3 40
3 33
3 11
28 34
34 36
15 34
14 34
34 40
23 34
11 34
28 36
20 28
1 28
13 15
13 14
13 40
13 23
20 36
15 36
14 36
33 36
1 20
15 20
14 20
20 40
20 23
1 33
1 11
14 15
15 40
15 23
15 33
11 15
14 40
14 23
23 40
