100 99
-1 -1
796 176
-1 -1
948 776
-1 -1
233 485
445 637
-1 -1
741 704
-1 -1
-1 -1
829 199
53 478
220 406
-1 -1
784 751
-1 -1
242 203
208 292
899 144
-1 -1
336 682
660 710
-1 -1
-1 -1
785 292
155 60
-1 -1
494 35
4 816
839 266
976 980
-1 -1
-1 -1
-1 -1
216 383
-1 -1
714 95
151 886
818 993
-1 -1
-1 -1
-1 -1
365 241
-1 -1
773 160
-1 -1
664 402
65 422
-1 -1
1 544
548 466
676 286
947 529
204 882
269 84
-1 -1
796 653
-1 -1
-1 -1
-1 -1
-1 -1
-1 -1
-1 -1
-1 -1
-1 -1
-1 -1
873 226
-1 -1
-1 -1
707 244
-1 -1
-1 -1
-1 -1
707 942
662 210
-1 -1
198 312
-1 -1
-1 -1
-1 -1
413 844
4 854
56 173
-1 -1
-1 -1
805 780
-1 -1
546 241
867 92
-1 -1
266 339
194 613
-1 -1
-1 -1
822 280
-1 -1
-1 -1
-1 -1
117 107
21 64
21 61
29 61
29 65
10 65
10 70
7 70
7 37
37 80
54 80
30 54
30 58
13 58
13 82
46 82
38 46
38 77
77 86
86 89
53 89
53 75
57 75
57 79
56 79
56 67
24 67
24 45
2 45
2 11
11 55
1 55
1 22
15 22
15 47
39 47
39 68
51 68
16 51
16 20
20 66
14 66
14 52
43 52
5 43
5 71
9 71
9 73
73 88
88 92
8 92
8 95
95 96
12 96
12 48
40 48
40 59
33 59
33 76
74 76
18 74
18 94
19 94
19 60
4 60
4 63
6 63
6 35
35 81
81 97
62 97
27 62
27 31
31 78
78 91
87 91
17 87
17 34
23 34
23 25
3 25
3 98
50 98
50 99
83 99
44 83
44 85
36 85
36 90
42 90
42 72
72 84
32 84
32 93
69 93
26 69
26 100
41 100
41 49
28 49
