128.0000000000 617.0000000000
589.0000000000 596.0000000000
470.0000000000 647.0000000000
136.0000000000 551.0000000000
998.0000000000 646.0000000000
302.0000000000 309.0000000000
518.0000000000 178.0000000000
74.0000000000 171.0000000000
952.0000000000 22.0000000000
433.0000000000 31.0000000000
396.0000000000 171.0000000000
468.0000000000 74.0000000000
869.0000000000 716.0000000000
394.0000000000 734.0000000000
964.0000000000 522.0000000000
634.0000000000 182.0000000000
961.0000000000 118.0000000000
567.0000000000 636.0000000000
835.0000000000 859.0000000000
903.0000000000 330.0000000000
614.0000000000 521.0000000000
605.0000000000 64.0000000000
955.0000000000 620.0000000000
501.0000000000 963.0000000000
431.0000000000 84.0000000000
790.0000000000 387.0000000000
550.0000000000 175.0000000000
32.0000000000 724.0000000000
352.0000000000 933.0000000000
164.0000000000 338.0000000000
962.0000000000 84.0000000000
271.0000000000 867.0000000000
464.0000000000 239.0000000000
764.0000000000 904.0000000000
254.0000000000 282.0000000000
306.0000000000 968.0000000000
797.0000000000 558.0000000000
267.0000000000 571.0000000000
492.0000000000 149.0000000000
19.0000000000 429.0000000000
380.0000000000 195.0000000000
283.0000000000 333.0000000000
925.0000000000 609.0000000000
127.0000000000 902.0000000000
39.0000000000 737.0000000000
287.0000000000 753.0000000000
617.0000000000 767.0000000000
403.0000000000 188.0000000000
724.0000000000 891.0000000000
252.0000000000 45.0000000000
417.0000000000 253.0000000000
735.0000000000 329.0000000000
979.0000000000 436.0000000000
549.0000000000 300.0000000000
1.0000000000 315.0000000000
371.0000000000 517.0000000000
731.0000000000 960.0000000000
327.0000000000 783.0000000000
138.0000000000 107.0000000000
647.0000000000 144.0000000000
731.0000000000 91.0000000000
488.0000000000 891.0000000000
873.0000000000 404.0000000000
9.0000000000 489.0000000000
814.0000000000 646.0000000000
421.0000000000 157.0000000000
694.0000000000 843.0000000000
647.0000000000 835.0000000000
146.0000000000 609.0000000000
539.0000000000 29.0000000000
473.0000000000 706.0000000000
751.0000000000 877.0000000000
183.0000000000 169.0000000000
784.0000000000 883.0000000000
50.0000000000 609.0000000000
705.0000000000 915.0000000000
592.0000000000 468.0000000000
586.0000000000 380.0000000000
544.0000000000 702.0000000000
327.0000000000 206.0000000000
684.0000000000 377.0000000000
475.0000000000 288.0000000000
362.0000000000 246.0000000000
885.0000000000 410.0000000000
331.0000000000 624.0000000000
445.0000000000 325.0000000000
170.0000000000 408.0000000000
22.0000000000 969.0000000000
352.0000000000 129.0000000000
185.0000000000 57.0000000000
957.0000000000 687.0000000000
358.0000000000 501.0000000000
633.0000000000 801.0000000000
320.0000000000 990.0000000000
27.0000000000 246.0000000000
77.0000000000 479.0000000000
319.0000000000 747.0000000000
924.0000000000 727.0000000000
808.0000000000 406.0000000000
815.0000000000 393.0000000000
