55 54
-1 -1
745 403
592 36
840 326
296 223
-1 -1
-1 -1
-1 -1
355 48
143 156
-1 -1
-1 -1
994 924
30 798
961 461
785 2
418 688
-1 -1
809 670
-1 -1
-1 -1
-1 -1
-1 -1
771 696
-1 -1
995 356
28 578
208 241
-1 -1
567 637
-1 -1
375 232
-1 -1
-1 -1
-1 -1
-1 -1
956 413
87 972
944 219
258 626
83 112
-1 -1
9 210
-1 -1
231 187
-1 -1
358 597
-1 -1
245 578
-1 -1
-1 -1
92 302
-1 -1
-1 -1
-1 -1
23 47
2 47
2 17
17 50
31 50
31 49
1 49
1 13
13 41
22 41
22 46
25 46
25 32
3 32
3 12
12 24
24 40
40 52
51 52
44 51
15 44
15 53
9 53
9 34
34 55
33 55
33 37
37 42
18 42
18 35
35 54
11 54
11 26
26 30
19 30
19 28
20 28
14 20
14 21
21 48
36 48
6 36
6 8
8 29
27 29
7 27
7 10
5 10
4 5
4 45
43 45
38 43
38 39
16 39
