55 55
-1 -1
-1 -1
-1 -1
-1 -1
-1 -1
-1 -1
-1 -1
-1 -1
-1 -1
-1 -1
-1 -1
-1 -1
-1 -1
-1 -1
-1 -1
-1 -1
-1 -1
-1 -1
-1 -1
-1 -1
-1 -1
-1 -1
-1 -1
-1 -1
-1 -1
-1 -1
-1 -1
-1 -1
-1 -1
-1 -1
963 311
-1 -1
-1 -1
-1 -1
-1 -1
-1 -1
-1 -1
-1 -1
-1 -1
-1 -1
-1 -1
-1 -1
-1 -1
-1 -1
-1 -1
-1 -1
-1 -1
-1 -1
-1 -1
-1 -1
-1 -1
-1 -1
-1 -1
-1 -1
-1 -1
13 48
6 13
9 48
9 15
2 15
2 29
17 29
17 55
35 55
35 47
20 47
20 39
39 45
11 45
11 52
8 52
8 14
7 14
7 22
22 53
34 53
27 34
12 27
12 43
30 43
30 38
38 46
46 54
1 54
1 51
18 51
18 49
24 49
24 36
4 36
4 10
10 50
31 50
25 31
25 32
16 32
16 33
26 33
26 42
19 42
5 19
5 37
37 41
41 44
28 44
28 40
21 40
3 21
3 23
6 23
