540.0000000000 864.0000000000
330.0000000000 479.0000000000
845.0000000000 491.0000000000
19.0000000000 598.0000000000
332.0000000000 114.0000000000
569.0000000000 366.0000000000
351.0000000000 60.0000000000
184.0000000000 642.0000000000
296.0000000000 429.0000000000
147.0000000000 841.0000000000
529.0000000000 585.0000000000
537.0000000000 512.0000000000
289.0000000000 880.0000000000
734.0000000000 108.0000000000
441.0000000000 63.0000000000
121.0000000000 332.0000000000
612.0000000000 612.0000000000
872.0000000000 500.0000000000
393.0000000000 593.0000000000
697.0000000000 681.0000000000
518.0000000000 837.0000000000
227.0000000000 354.0000000000
302.0000000000 16.0000000000
209.0000000000 937.0000000000
723.0000000000 865.0000000000
386.0000000000 356.0000000000
867.0000000000 110.0000000000
623.0000000000 371.0000000000
119.0000000000 552.0000000000
169.0000000000 924.0000000000
281.0000000000 838.0000000000
900.0000000000 745.0000000000
923.0000000000 844.0000000000
735.0000000000 83.0000000000
102.0000000000 800.0000000000
259.0000000000 639.0000000000
61.0000000000 864.0000000000
210.0000000000 796.0000000000
229.0000000000 677.0000000000
649.0000000000 838.0000000000
871.0000000000 759.0000000000
772.0000000000 525.0000000000
944.0000000000 491.0000000000
9.0000000000 343.0000000000
757.0000000000 902.0000000000
227.0000000000 858.0000000000
13.0000000000 681.0000000000
571.0000000000 756.0000000000
970.0000000000 724.0000000000
719.0000000000 818.0000000000
513.0000000000 510.0000000000
611.0000000000 578.0000000000
945.0000000000 784.0000000000
290.0000000000 167.0000000000
525.0000000000 569.0000000000
