55 742
593 66
-1 -1
-1 -1
961 473
-1 -1
-1 -1
-1 -1
-1 -1
-1 -1
2 531
-1 -1
-1 -1
-1 -1
-1 -1
-1 -1
-1 -1
-1 -1
-1 -1
-1 -1
-1 -1
45 370
-1 -1
-1 -1
-1 -1
-1 -1
-1 -1
-1 -1
336 315
-1 -1
-1 -1
-1 -1
-1 -1
-1 -1
-1 -1
-1 -1
-1 -1
484 20
-1 -1
-1 -1
14 505
-1 -1
277 419
-1 -1
-1 -1
317 598
276 28
-1 -1
-1 -1
670 265
315 376
626 547
-1 -1
-1 -1
262 165
-1 -1
24 45
38 45
45 49
31 45
23 45
25 45
45 50
39 45
42 45
45 48
7 45
14 45
17 45
30 45
35 45
15 45
28 45
5 45
11 45
20 45
24 38
2 24
24 50
24 32
24 39
24 52
24 42
24 48
4 24
7 24
24 43
14 24
24 37
24 30
24 29
24 28
22 24
5 24
24 33
24 41
19 24
24 55
24 27
1 24
8 24
2 38
34 38
38 49
31 38
23 38
16 38
38 50
18 38
38 40
10 38
38 52
38 42
38 48
13 38
38 46
38 43
14 38
17 38
30 38
3 38
15 38
12 38
38 51
36 38
20 38
19 38
1 38
8 38
2 34
2 23
2 25
2 39
2 10
2 52
2 13
2 4
2 46
2 43
2 14
2 17
2 37
2 21
2 47
2 26
2 28
2 22
2 44
2 33
2 54
2 36
2 6
2 20
2 55
2 27
2 9
34 49
31 34
16 34
34 50
34 40
10 34
13 34
34 46
14 34
17 34
34 37
30 34
34 47
28 34
22 34
34 44
5 34
12 34
33 34
34 51
27 34
1 34
8 34
31 49
23 49
16 49
25 49
32 49
10 49
49 52
48 49
4 49
7 49
43 49
14 49
17 49
37 49
30 49
21 49
29 49
3 49
26 49
35 49
28 49
22 49
44 49
5 49
11 49
33 49
36 49
6 49
19 49
1 49
8 49
31 32
31 40
31 39
10 31
31 42
13 31
31 46
17 31
3 31
31 35
28 31
31 44
11 31
31 33
31 54
31 36
6 31
20 31
31 41
19 31
27 31
1 31
8 31
9 31
16 23
23 25
23 40
23 52
23 48
4 23
17 23
23 37
21 23
23 29
3 23
23 26
23 53
12 23
23 33
23 54
23 51
20 23
23 55
23 27
9 23
16 25
16 40
16 39
16 42
16 48
13 16
4 16
7 16
16 46
16 43
14 16
16 17
16 37
16 30
3 16
16 26
16 53
16 35
15 16
16 22
12 16
16 54
16 51
16 36
16 20
16 41
16 27
1 16
25 50
18 25
25 32
25 40
10 25
25 52
25 42
25 48
4 25
7 25
25 46
25 43
14 25
25 30
21 25
25 29
25 47
25 26
25 53
25 35
22 25
5 25
11 25
12 25
25 33
25 54
25 51
6 25
20 25
25 41
25 27
8 25
39 50
10 50
50 52
42 50
13 50
4 50
7 50
46 50
37 50
21 50
47 50
35 50
15 50
28 50
22 50
44 50
5 50
12 50
50 51
36 50
6 50
18 40
10 18
18 42
18 48
14 18
18 30
18 21
18 29
18 35
15 18
18 28
5 18
11 18
18 33
18 51
18 36
6 18
18 41
18 27
1 18
9 18
32 40
32 42
4 32
32 43
32 37
30 32
21 32
3 32
26 32
28 32
32 44
5 32
12 32
32 36
6 32
32 41
19 32
32 55
27 32
1 32
8 32
9 32
10 40
40 52
40 42
13 40
40 43
14 40
17 40
29 40
40 47
40 53
35 40
15 40
28 40
40 44
5 40
40 54
40 51
36 40
6 40
40 55
8 40
9 40
10 39
39 48
13 39
39 46
39 43
21 39
39 47
35 39
15 39
28 39
22 39
12 39
39 51
6 39
39 41
1 39
8 39
9 39
4 10
7 10
10 46
10 43
10 21
10 29
10 47
3 10
10 26
10 15
10 22
10 12
10 54
10 51
10 36
6 10
9 10
46 52
17 52
30 52
3 52
26 52
35 52
28 52
22 52
44 52
52 54
51 52
36 52
19 52
27 52
8 52
9 52
42 48
4 42
42 46
42 43
21 42
29 42
3 42
35 42
42 44
11 42
33 42
42 54
42 51
36 42
6 42
41 42
19 42
1 42
8 42
13 48
7 48
46 48
14 48
17 48
37 48
47 48
26 48
15 48
22 48
44 48
12 48
48 54
36 48
6 48
41 48
48 55
1 48
8 48
4 13
7 13
13 46
13 43
13 14
13 30
13 29
13 47
13 26
13 35
5 13
12 13
13 33
13 36
13 20
13 19
13 55
13 27
1 13
4 7
4 17
4 37
4 35
4 28
4 22
4 5
4 12
4 33
4 54
4 51
4 36
4 6
4 20
4 27
1 4
4 9
7 43
7 17
7 37
7 30
7 26
7 35
7 28
7 12
7 33
6 7
7 20
7 55
1 7
7 8
43 46
14 46
37 46
21 46
29 46
3 46
26 46
46 53
35 46
44 46
5 46
11 46
12 46
33 46
46 54
36 46
46 55
27 46
1 46
14 43
37 43
21 43
3 43
26 43
43 53
22 43
43 44
5 43
33 43
43 54
43 51
6 43
19 43
9 43
14 17
14 29
14 26
14 53
14 15
14 28
14 44
14 51
14 36
14 41
14 19
14 27
8 14
9 14
17 37
17 21
17 29
17 47
17 26
17 35
17 28
5 17
12 17
17 33
17 51
17 41
17 19
17 55
17 27
1 17
8 17
29 37
26 37
22 37
37 44
5 37
11 37
12 37
33 37
6 37
19 37
37 55
1 37
8 37
21 30
29 30
30 47
3 30
26 30
30 35
15 30
28 30
22 30
5 30
12 30
30 51
30 36
6 30
19 30
27 30
1 30
9 30
3 21
21 53
21 35
11 21
20 21
21 55
21 27
1 21
8 21
9 21
26 29
29 35
15 29
28 29
22 29
5 29
12 29
29 33
20 29
19 29
27 29
8 29
9 29
26 47
47 53
11 47
33 47
47 51
19 47
8 47
3 26
3 35
3 22
3 11
3 20
3 19
3 55
3 27
3 8
26 28
5 26
11 26
26 33
26 51
26 36
26 41
26 55
26 27
28 53
22 53
11 53
51 53
36 53
6 53
19 53
1 53
8 53
9 53
12 35
35 54
35 36
19 35
27 35
1 35
15 28
15 44
5 15
11 15
12 15
15 51
15 36
6 15
15 55
1 15
9 15
22 28
11 28
28 54
28 51
20 28
27 28
8 28
22 44
5 22
11 22
22 33
22 36
20 22
22 41
1 22
8 22
9 22
5 44
12 44
33 44
6 44
20 44
19 44
44 55
27 44
1 44
8 44
5 36
5 6
5 27
1 5
5 9
11 33
11 54
11 20
11 41
11 55
11 27
1 11
8 11
9 11
12 54
12 51
12 36
6 12
12 19
12 27
1 12
8 12
33 36
6 33
33 41
27 33
1 33
8 33
51 54
36 54
54 55
1 54
41 51
19 51
51 55
8 51
6 36
20 36
36 41
1 36
6 41
6 19
6 55
6 27
6 8
6 9
19 20
20 55
1 20
8 20
9 20
19 41
41 55
19 27
1 55
8 55
9 55
1 27
8 27
8 9
