593.0000000000 66.0000000000
371.2296404452 310.8264086037
353.8687802263 320.0173258392
961.0000000000 473.0000000000
403.0384101862 313.8431438375
381.7784283317 332.8546232895
412.2631876437 322.7789799107
373.9101518165 326.7107040201
355.0571160273 348.0141316769
2.0000000000 531.0000000000
369.6259028087 298.9807228697
399.7492817307 309.9941056446
391.6215338744 314.1656053721
377.7707609004 334.2397672369
358.5010088552 350.9609186006
404.9867028490 310.7408085202
403.3912629065 328.7172141279
347.1236412310 345.6078467799
401.2198758366 321.9293688051
394.6706052027 329.4882191422
45.0000000000 370.0000000000
403.7704129679 312.9216054110
394.1759711671 334.3941144760
407.4224887862 320.4923193876
371.4748669366 341.2068782951
386.8506004421 312.5062906979
393.1632580867 308.6324795630
336.0000000000 315.0000000000
363.2366714883 318.2046208015
391.7449989895 331.6951123486
357.6645700578 321.2657627485
393.7057231302 315.9423358859
415.4295599682 298.5833266716
380.2556444768 310.6283481812
378.3043242734 324.4216095448
381.0614400880 319.7994778860
484.0000000000 20.0000000000
370.0887644545 337.2813139982
357.6137527121 334.4780672363
14.0000000000 505.0000000000
391.0892360224 335.8861746677
277.0000000000 419.0000000000
357.0869668470 319.6616232891
381.7526013764 296.9103081816
317.0000000000 598.0000000000
276.0000000000 28.0000000000
351.0792013099 356.1810382448
389.4790008966 301.3761746497
670.0000000000 265.0000000000
315.0000000000 376.0000000000
626.0000000000 547.0000000000
375.7286064511 320.7281942860
358.5788314677 320.4544665274
262.0000000000 165.0000000000
368.4157295984 300.0809028560
