55 1485
-1 -1
-1 -1
302 292
175 660
-1 -1
952 58
-1 -1
-1 -1
-1 -1
-1 -1
419 750
666 230
793 285
-1 -1
-1 -1
-1 -1
-1 -1
-1 -1
361 935
936 382
-1 -1
639 684
529 769
-1 -1
424 880
959 514
104 87
-1 -1
-1 -1
-1 -1
416 776
320 229
902 179
669 81
986 183
-1 -1
-1 -1
846 679
-1 -1
-1 -1
-1 -1
828 642
-1 -1
-1 -1
-1 -1
387 446
481 976
207 794
460 108
428 809
283 621
-1 -1
67 524
854 624
-1 -1
9 27
9 33
9 49
9 18
9 55
8 9
9 48
4 9
2 9
9 17
9 13
9 23
9 50
9 32
9 12
9 31
9 24
9 53
3 9
9 39
9 10
9 20
9 34
9 43
9 47
9 41
9 11
9 37
9 16
9 15
5 9
6 9
9 40
9 25
9 26
9 38
9 30
9 52
9 22
9 36
9 19
1 9
7 9
9 35
9 45
9 29
9 46
9 51
9 54
9 28
9 21
9 42
9 44
9 14
27 33
27 49
18 27
27 55
8 27
27 48
4 27
2 27
17 27
13 27
23 27
27 50
27 32
12 27
27 31
24 27
27 53
3 27
27 39
10 27
20 27
27 34
27 43
27 47
27 41
11 27
27 37
16 27
15 27
5 27
6 27
27 40
25 27
26 27
27 38
27 30
27 52
22 27
27 36
19 27
1 27
7 27
27 35
27 45
27 29
27 46
27 51
27 54
27 28
21 27
27 42
27 44
14 27
33 49
18 33
33 55
8 33
33 48
4 33
2 33
17 33
13 33
23 33
33 50
32 33
12 33
31 33
24 33
33 53
3 33
33 39
10 33
20 33
33 34
33 43
33 47
33 41
11 33
33 37
16 33
15 33
5 33
6 33
33 40
25 33
26 33
33 38
30 33
33 52
22 33
33 36
19 33
1 33
7 33
33 35
33 45
29 33
33 46
33 51
33 54
28 33
21 33
33 42
33 44
14 33
18 49
49 55
8 49
48 49
4 49
2 49
17 49
13 49
23 49
49 50
32 49
12 49
31 49
24 49
49 53
3 49
39 49
10 49
20 49
34 49
43 49
47 49
41 49
11 49
37 49
16 49
15 49
5 49
6 49
40 49
25 49
26 49
38 49
30 49
49 52
22 49
36 49
19 49
1 49
7 49
35 49
45 49
29 49
46 49
49 51
49 54
28 49
21 49
42 49
44 49
14 49
18 55
8 18
18 48
4 18
2 18
17 18
13 18
18 23
18 50
18 32
12 18
18 31
18 24
18 53
3 18
18 39
10 18
18 20
18 34
18 43
18 47
18 41
11 18
18 37
16 18
15 18
5 18
6 18
18 40
18 25
18 26
18 38
18 30
18 52
18 22
18 36
18 19
1 18
7 18
18 35
18 45
18 29
18 46
18 51
18 54
18 28
18 21
18 42
18 44
14 18
8 55
48 55
4 55
2 55
17 55
13 55
23 55
50 55
32 55
12 55
31 55
24 55
53 55
3 55
39 55
10 55
20 55
34 55
43 55
47 55
41 55
11 55
37 55
16 55
15 55
5 55
6 55
40 55
25 55
26 55
38 55
30 55
52 55
22 55
36 55
19 55
1 55
7 55
35 55
45 55
29 55
46 55
51 55
54 55
28 55
21 55
42 55
44 55
14 55
8 48
4 8
2 8
8 17
8 13
8 23
8 50
8 32
8 12
8 31
8 24
8 53
3 8
8 39
8 10
8 20
8 34
8 43
8 47
8 41
8 11
8 37
8 16
8 15
5 8
6 8
8 40
8 25
8 26
8 38
8 30
8 52
8 22
8 36
8 19
1 8
7 8
8 35
8 45
8 29
8 46
8 51
8 54
8 28
8 21
8 42
8 44
8 14
4 48
2 48
17 48
13 48
23 48
48 50
32 48
12 48
31 48
24 48
48 53
3 48
39 48
10 48
20 48
34 48
43 48
47 48
41 48
11 48
37 48
16 48
15 48
5 48
6 48
40 48
25 48
26 48
38 48
30 48
48 52
22 48
36 48
19 48
1 48
7 48
35 48
45 48
29 48
46 48
48 51
48 54
28 48
21 48
42 48
44 48
14 48
2 4
4 17
4 13
4 23
4 50
4 32
4 12
4 31
4 24
4 53
3 4
4 39
4 10
4 20
4 34
4 43
4 47
4 41
4 11
4 37
4 16
4 15
4 5
4 6
4 40
4 25
4 26
4 38
4 30
4 52
4 22
4 36
4 19
1 4
4 7
4 35
4 45
4 29
4 46
4 51
4 54
4 28
4 21
4 42
4 44
4 14
2 17
2 13
2 23
2 50
2 32
2 12
2 31
2 24
2 53
2 3
2 39
2 10
2 20
2 34
2 43
2 47
2 41
2 11
2 37
2 16
2 15
2 5
2 6
2 40
2 25
2 26
2 38
2 30
2 52
2 22
2 36
2 19
1 2
2 7
2 35
2 45
2 29
2 46
2 51
2 54
2 28
2 21
2 42
2 44
2 14
13 17
17 23
17 50
17 32
12 17
17 31
17 24
17 53
3 17
17 39
10 17
17 20
17 34
17 43
17 47
17 41
11 17
17 37
16 17
15 17
5 17
6 17
17 40
17 25
17 26
17 38
17 30
17 52
17 22
17 36
17 19
1 17
7 17
17 35
17 45
17 29
17 46
17 51
17 54
17 28
17 21
17 42
17 44
14 17
13 23
13 50
13 32
12 13
13 31
13 24
13 53
3 13
13 39
10 13
13 20
13 34
13 43
13 47
13 41
11 13
13 37
13 16
13 15
5 13
6 13
13 40
13 25
13 26
13 38
13 30
13 52
13 22
13 36
13 19
1 13
7 13
13 35
13 45
13 29
13 46
13 51
13 54
13 28
13 21
13 42
13 44
13 14
23 50
23 32
12 23
23 31
23 24
23 53
3 23
23 39
10 23
20 23
23 34
23 43
23 47
23 41
11 23
23 37
16 23
15 23
5 23
6 23
23 40
23 25
23 26
23 38
23 30
23 52
22 23
23 36
19 23
1 23
7 23
23 35
23 45
23 29
23 46
23 51
23 54
23 28
21 23
23 42
23 44
14 23
32 50
12 50
31 50
24 50
50 53
3 50
39 50
10 50
20 50
34 50
43 50
47 50
41 50
11 50
37 50
16 50
15 50
5 50
6 50
40 50
25 50
26 50
38 50
30 50
50 52
22 50
36 50
19 50
1 50
7 50
35 50
45 50
29 50
46 50
50 51
50 54
28 50
21 50
42 50
44 50
14 50
12 32
31 32
24 32
32 53
3 32
32 39
10 32
20 32
32 34
32 43
32 47
32 41
11 32
32 37
16 32
15 32
5 32
6 32
32 40
25 32
26 32
32 38
30 32
32 52
22 32
32 36
19 32
1 32
7 32
32 35
32 45
29 32
32 46
32 51
32 54
28 32
21 32
32 42
32 44
14 32
12 31
12 24
12 53
3 12
12 39
10 12
12 20
12 34
12 43
12 47
12 41
11 12
12 37
12 16
12 15
5 12
6 12
12 40
12 25
12 26
12 38
12 30
12 52
12 22
12 36
12 19
1 12
7 12
12 35
12 45
12 29
12 46
12 51
12 54
12 28
12 21
12 42
12 44
12 14
24 31
31 53
3 31
31 39
10 31
20 31
31 34
31 43
31 47
31 41
11 31
31 37
16 31
15 31
5 31
6 31
31 40
25 31
26 31
31 38
30 31
31 52
22 31
31 36
19 31
1 31
7 31
31 35
31 45
29 31
31 46
31 51
31 54
28 31
21 31
31 42
31 44
14 31
24 53
3 24
24 39
10 24
20 24
24 34
24 43
24 47
24 41
11 24
24 37
16 24
15 24
5 24
6 24
24 40
24 25
24 26
24 38
24 30
24 52
22 24
24 36
19 24
1 24
7 24
24 35
24 45
24 29
24 46
24 51
24 54
24 28
21 24
24 42
24 44
14 24
3 53
39 53
10 53
20 53
34 53
43 53
47 53
41 53
11 53
37 53
16 53
15 53
5 53
6 53
40 53
25 53
26 53
38 53
30 53
52 53
22 53
36 53
19 53
1 53
7 53
35 53
45 53
29 53
46 53
51 53
53 54
28 53
21 53
42 53
44 53
14 53
3 39
3 10
3 20
3 34
3 43
3 47
3 41
3 11
3 37
3 16
3 15
3 5
3 6
3 40
3 25
3 26
3 38
3 30
3 52
3 22
3 36
3 19
1 3
3 7
3 35
3 45
3 29
3 46
3 51
3 54
3 28
3 21
3 42
3 44
3 14
10 39
20 39
34 39
39 43
39 47
39 41
11 39
37 39
16 39
15 39
5 39
6 39
39 40
25 39
26 39
38 39
30 39
39 52
22 39
36 39
19 39
1 39
7 39
35 39
39 45
29 39
39 46
39 51
39 54
28 39
21 39
39 42
39 44
14 39
10 20
10 34
10 43
10 47
10 41
10 11
10 37
10 16
10 15
5 10
6 10
10 40
10 25
10 26
10 38
10 30
10 52
10 22
10 36
10 19
1 10
7 10
10 35
10 45
10 29
10 46
10 51
10 54
10 28
10 21
10 42
10 44
10 14
20 34
20 43
20 47
20 41
11 20
20 37
16 20
15 20
5 20
6 20
20 40
20 25
20 26
20 38
20 30
20 52
20 22
20 36
19 20
1 20
7 20
20 35
20 45
20 29
20 46
20 51
20 54
20 28
20 21
20 42
20 44
14 20
34 43
34 47
34 41
11 34
34 37
16 34
15 34
5 34
6 34
34 40
25 34
26 34
34 38
30 34
34 52
22 34
34 36
19 34
1 34
7 34
34 35
34 45
29 34
34 46
34 51
34 54
28 34
21 34
34 42
34 44
14 34
43 47
41 43
11 43
37 43
16 43
15 43
5 43
6 43
40 43
25 43
26 43
38 43
30 43
43 52
22 43
36 43
19 43
1 43
7 43
35 43
43 45
29 43
43 46
43 51
43 54
28 43
21 43
42 43
43 44
14 43
41 47
11 47
37 47
16 47
15 47
5 47
6 47
40 47
25 47
26 47
38 47
30 47
47 52
22 47
36 47
19 47
1 47
7 47
35 47
45 47
29 47
46 47
47 51
47 54
28 47
21 47
42 47
44 47
14 47
11 41
37 41
16 41
15 41
5 41
6 41
40 41
25 41
26 41
38 41
30 41
41 52
22 41
36 41
19 41
1 41
7 41
35 41
41 45
29 41
41 46
41 51
41 54
28 41
21 41
41 42
41 44
14 41
11 37
11 16
11 15
5 11
6 11
11 40
11 25
11 26
11 38
11 30
11 52
11 22
11 36
11 19
1 11
7 11
11 35
11 45
11 29
11 46
11 51
11 54
11 28
11 21
11 42
11 44
11 14
16 37
15 37
5 37
6 37
37 40
25 37
26 37
37 38
30 37
37 52
22 37
36 37
19 37
1 37
7 37
35 37
37 45
29 37
37 46
37 51
37 54
28 37
21 37
37 42
37 44
14 37
15 16
5 16
6 16
16 40
16 25
16 26
16 38
16 30
16 52
16 22
16 36
16 19
1 16
7 16
16 35
16 45
16 29
16 46
16 51
16 54
16 28
16 21
16 42
16 44
14 16
5 15
6 15
15 40
15 25
15 26
15 38
15 30
15 52
15 22
15 36
15 19
1 15
7 15
15 35
15 45
15 29
15 46
15 51
15 54
15 28
15 21
15 42
15 44
14 15
5 6
5 40
5 25
5 26
5 38
5 30
5 52
5 22
5 36
5 19
1 5
5 7
5 35
5 45
5 29
5 46
5 51
5 54
5 28
5 21
5 42
5 44
5 14
6 40
6 25
6 26
6 38
6 30
6 52
6 22
6 36
6 19
1 6
6 7
6 35
6 45
6 29
6 46
6 51
6 54
6 28
6 21
6 42
6 44
6 14
25 40
26 40
38 40
30 40
40 52
22 40
36 40
19 40
1 40
7 40
35 40
40 45
29 40
40 46
40 51
40 54
28 40
21 40
40 42
40 44
14 40
25 26
25 38
25 30
25 52
22 25
25 36
19 25
1 25
7 25
25 35
25 45
25 29
25 46
25 51
25 54
25 28
21 25
25 42
25 44
14 25
26 38
26 30
26 52
22 26
26 36
19 26
1 26
7 26
26 35
26 45
26 29
26 46
26 51
26 54
26 28
21 26
26 42
26 44
14 26
30 38
38 52
22 38
36 38
19 38
1 38
7 38
35 38
38 45
29 38
38 46
38 51
38 54
28 38
21 38
38 42
38 44
14 38
30 52
22 30
30 36
19 30
1 30
7 30
30 35
30 45
29 30
30 46
30 51
30 54
28 30
21 30
30 42
30 44
14 30
22 52
36 52
19 52
1 52
7 52
35 52
45 52
29 52
46 52
51 52
52 54
28 52
21 52
42 52
44 52
14 52
22 36
19 22
1 22
7 22
22 35
22 45
22 29
22 46
22 51
22 54
22 28
21 22
22 42
22 44
14 22
19 36
1 36
7 36
35 36
36 45
29 36
36 46
36 51
36 54
28 36
21 36
36 42
36 44
14 36
1 19
7 19
19 35
19 45
19 29
19 46
19 51
19 54
19 28
19 21
19 42
19 44
14 19
1 7
1 35
1 45
1 29
1 46
1 51
1 54
1 28
1 21
1 42
1 44
1 14
7 35
7 45
7 29
7 46
7 51
7 54
7 28
7 21
7 42
7 44
7 14
35 45
29 35
35 46
35 51
35 54
28 35
21 35
35 42
35 44
14 35
29 45
45 46
45 51
45 54
28 45
21 45
42 45
44 45
14 45
29 46
29 51
29 54
28 29
21 29
29 42
29 44
14 29
46 51
46 54
28 46
21 46
42 46
44 46
14 46
51 54
28 51
21 51
42 51
44 51
14 51
28 54
21 54
42 54
44 54
14 54
21 28
28 42
28 44
14 28
21 42
21 44
14 21
42 44
14 42
14 44
