849.0000000000 936.0000000000
431.0000000000 950.0000000000
793.0000000000 93.0000000000
139.0000000000 308.0000000000
946.0000000000 932.0000000000
654.0000000000 589.0000000000
70.0000000000 201.0000000000
551.0000000000 724.0000000000
933.0000000000 902.0000000000
515.0000000000 67.0000000000
218.0000000000 203.0000000000
416.0000000000 467.0000000000
88.0000000000 909.0000000000
685.0000000000 636.0000000000
845.0000000000 868.0000000000
857.0000000000 298.0000000000
886.0000000000 449.0000000000
342.0000000000 715.0000000000
844.0000000000 38.0000000000
617.0000000000 290.0000000000
100.0000000000 196.0000000000
260.0000000000 472.0000000000
746.0000000000 965.0000000000
206.0000000000 206.0000000000
250.0000000000 178.0000000000
743.0000000000 628.0000000000
487.0000000000 222.0000000000
167.0000000000 999.0000000000
630.0000000000 328.0000000000
499.0000000000 285.0000000000
81.0000000000 801.0000000000
492.0000000000 944.0000000000
665.0000000000 412.0000000000
99.0000000000 477.0000000000
594.0000000000 71.0000000000
836.0000000000 900.0000000000
696.0000000000 439.0000000000
415.0000000000 156.0000000000
466.0000000000 939.0000000000
819.0000000000 909.0000000000
170.0000000000 904.0000000000
250.0000000000 774.0000000000
628.0000000000 881.0000000000
356.0000000000 134.0000000000
514.0000000000 610.0000000000
467.0000000000 921.0000000000
596.0000000000 727.0000000000
123.0000000000 378.0000000000
263.0000000000 155.0000000000
677.0000000000 856.0000000000
683.0000000000 147.0000000000
654.0000000000 257.0000000000
702.0000000000 473.0000000000
895.0000000000 13.0000000000
188.0000000000 278.0000000000
916.0000000000 863.0000000000
202.0000000000 544.0000000000
463.0000000000 976.0000000000
420.0000000000 335.0000000000
18.0000000000 605.0000000000
615.0000000000 126.0000000000
497.0000000000 414.0000000000
627.0000000000 95.0000000000
685.0000000000 457.0000000000
997.0000000000 901.0000000000
376.0000000000 357.0000000000
593.0000000000 977.0000000000
200.0000000000 422.0000000000
80.0000000000 514.0000000000
942.0000000000 356.0000000000
907.0000000000 236.0000000000
579.0000000000 135.0000000000
730.0000000000 277.0000000000
732.0000000000 256.0000000000
36.0000000000 296.0000000000
479.0000000000 807.0000000000
941.0000000000 122.0000000000
129.0000000000 716.0000000000
530.0000000000 549.0000000000
915.0000000000 612.0000000000
31.0000000000 710.0000000000
620.0000000000 96.0000000000
403.0000000000 823.0000000000
872.0000000000 794.0000000000
669.0000000000 419.0000000000
807.0000000000 101.0000000000
306.0000000000 340.0000000000
975.0000000000 543.0000000000
885.0000000000 476.0000000000
428.0000000000 499.0000000000
241.0000000000 537.0000000000
579.0000000000 525.0000000000
336.0000000000 230.0000000000
157.0000000000 100.0000000000
633.0000000000 439.0000000000
837.0000000000 847.0000000000
985.0000000000 954.0000000000
476.0000000000 716.0000000000
618.0000000000 512.0000000000
751.0000000000 31.0000000000
