100 99
128 617
589 596
470 647
136 551
998 646
302 309
518 178
74 171
952 22
433 31
396 171
468 74
869 716
394 734
964 522
634 182
961 118
567 636
835 859
903 330
614 521
605 64
955 620
501 963
431 84
790 387
550 175
32 724
352 933
164 338
962 84
271 867
464 239
764 904
254 282
306 968
797 558
267 571
492 149
19 429
380 195
283 333
925 609
127 902
39 737
287 753
617 767
403 188
724 891
252 45
417 253
735 329
979 436
549 300
1 315
371 517
731 960
327 783
138 107
647 144
731 91
488 891
873 404
9 489
814 646
421 157
694 843
647 835
146 609
539 29
473 706
751 877
183 169
784 883
50 609
705 915
592 468
586 380
544 702
327 206
684 377
475 288
362 246
885 410
331 624
445 325
170 408
22 969
352 129
185 57
957 687
358 501
633 801
320 990
27 246
77 479
319 747
924 727
808 406
815 393
2 66
2 51
51 58
50 58
50 72
33 72
33 97
74 97
71 74
71 88
5 88
5 70
70 83
77 83
59 77
59 81
75 81
52 75
52 100
73 100
73 79
79 86
55 86
32 55
32 61
9 61
9 54
6 54
6 53
20 53
20 23
23 28
28 60
41 60
41 91
87 91
44 87
44 76
56 76
37 56
26 37
16 26
16 63
12 63
12 90
8 90
8 45
45 95
89 95
10 89
10 38
38 98
64 98
64 85
39 85
39 65
13 65
13 21
21 57
19 57
19 93
48 93
48 84
84 94
15 94
15 18
18 27
27 47
30 47
22 30
22 99
25 99
17 25
17 67
31 67
31 43
34 43
29 34
29 96
4 96
4 49
24 49
24 40
14 40
1 14
1 35
7 35
7 46
46 62
36 62
36 92
69 92
69 78
78 80
80 82
11 82
11 68
42 68
3 42
