548.8928571429 584.5714285714
307.0000000000 812.0000000000
548.8928571429 584.5714285714
548.8928571429 584.5714285714
426.0000000000 231.0000000000
848.0000000000 819.0000000000
548.8928571429 584.5714285714
666.0000000000 136.0000000000
548.8928571429 584.5714285714
863.0000000000 615.0000000000
548.8928571429 584.5714285714
289.0000000000 798.0000000000
548.8928571429 584.5714285714
548.8928571429 584.5714285714
717.0000000000 519.0000000000
93.0000000000 158.0000000000
803.0000000000 494.0000000000
548.8928571429 584.5714285714
828.0000000000 517.0000000000
548.8928571429 584.5714285714
548.8928571429 584.5714285714
548.8928571429 584.5714285714
548.8928571429 584.5714285714
548.8928571429 584.5714285714
548.8928571429 584.5714285714
548.8928571429 584.5714285714
548.8928571429 584.5714285714
362.0000000000 704.0000000000
512.0000000000 50.0000000000
548.8928571429 584.5714285714
560.0000000000 727.0000000000
548.8928571429 584.5714285714
902.0000000000 680.0000000000
631.0000000000 838.0000000000
428.0000000000 561.0000000000
548.8928571429 584.5714285714
711.0000000000 935.0000000000
958.0000000000 42.0000000000
548.8928571429 584.5714285714
970.0000000000 979.0000000000
548.8928571429 584.5714285714
548.8928571429 584.5714285714
548.8928571429 584.5714285714
548.8928571429 584.5714285714
414.0000000000 616.0000000000
798.0000000000 344.0000000000
161.0000000000 270.0000000000
3.0000000000 860.0000000000
656.0000000000 560.0000000000
548.8928571429 584.5714285714
803.0000000000 777.0000000000
320.0000000000 980.0000000000
15.0000000000 730.0000000000
548.8928571429 584.5714285714
325.0000000000 616.0000000000
