100 99
-1 -1
-1 -1
-1 -1
-1 -1
-1 -1
-1 -1
-1 -1
-1 -1
-1 -1
-1 -1
-1 -1
-1 -1
-1 -1
-1 -1
-1 -1
-1 -1
-1 -1
-1 -1
-1 -1
-1 -1
-1 -1
-1 -1
-1 -1
-1 -1
-1 -1
-1 -1
-1 -1
-1 -1
-1 -1
-1 -1
-1 -1
-1 -1
-1 -1
-1 -1
-1 -1
-1 -1
-1 -1
-1 -1
-1 -1
-1 -1
-1 -1
-1 -1
-1 -1
-1 -1
-1 -1
-1 -1
-1 -1
-1 -1
-1 -1
-1 -1
-1 -1
-1 -1
-1 -1
-1 -1
-1 -1
802 491
-1 -1
-1 -1
-1 -1
-1 -1
-1 -1
-1 -1
-1 -1
-1 -1
-1 -1
-1 -1
-1 -1
-1 -1
-1 -1
-1 -1
-1 -1
-1 -1
-1 -1
-1 -1
-1 -1
-1 -1
-1 -1
-1 -1
-1 -1
-1 -1
-1 -1
-1 -1
-1 -1
-1 -1
-1 -1
-1 -1
-1 -1
-1 -1
-1 -1
-1 -1
-1 -1
-1 -1
-1 -1
-1 -1
-1 -1
-1 -1
-1 -1
-1 -1
-1 -1
-1 -1
25 98
25 93
25 34
20 25
25 75
71 98
24 98
37 98
78 98
38 98
92 98
43 98
58 98
22 98
56 71
71 80
71 87
23 71
56 79
56 91
31 93
8 93
85 93
24 47
24 28
24 99
24 100
24 74
47 68
47 89
47 76
11 47
34 66
30 34
21 37
62 79
7 79
63 79
5 31
31 32
31 53
42 80
80 96
44 80
42 73
40 42
51 75
75 83
48 62
28 94
28 81
41 94
33 94
9 94
10 23
54 99
65 99
15 21
15 49
15 46
7 77
64 78
78 86
3 51
13 68
68 95
50 68
32 59
12 89
60 96
35 81
13 36
13 70
61 95
46 69
1 3
27 76
4 38
18 44
4 67
6 92
1 2
73 90
26 67
74 84
10 52
10 57
16 27
12 72
12 97
18 88
6 19
14 61
29 91
17 84
82 84
55 84
8 45
39 97
