55 55
-1 -1
-1 -1
-1 -1
-1 -1
42 471
-1 -1
-1 -1
-1 -1
-1 -1
-1 -1
930 17
261 19
-1 -1
-1 -1
-1 -1
-1 -1
441 951
482 34
-1 -1
-1 -1
-1 -1
-1 -1
-1 -1
-1 -1
-1 -1
-1 -1
-1 -1
598 363
-1 -1
-1 -1
-1 -1
759 670
-1 -1
-1 -1
-1 -1
591 152
-1 -1
915 65
-1 -1
76 261
-1 -1
-1 -1
-1 -1
-1 -1
457 828
962 905
-1 -1
-1 -1
-1 -1
145 50
-1 -1
-1 -1
-1 -1
668 918
-1 -1
11 48
38 48
11 41
27 41
27 49
8 49
8 19
19 23
23 50
4 50
4 24
24 45
29 45
15 29
15 20
20 22
22 35
35 36
36 40
6 40
5 6
5 37
7 37
7 54
44 54
42 44
42 55
18 55
3 18
3 47
47 52
51 52
28 51
28 53
33 53
25 33
25 43
1 43
1 14
2 14
2 32
13 32
9 13
9 12
12 17
16 17
16 31
31 46
34 46
26 34
21 26
21 39
10 39
10 30
30 38
