628.4000000000 461.4000000000
874.8000000000 203.8000000000
70.8000000000 745.4000000000
897.0000000000 973.0000000000
873.0000000000 382.0000000000
788.6000000000 462.6000000000
382.0000000000 719.0000000000
36.4000000000 618.2000000000
501.5000000000 694.5000000000
998.0000000000 75.0000000000
397.3333333333 672.3333333333
382.0000000000 719.0000000000
382.0000000000 719.0000000000
662.0000000000 583.5000000000
493.2000000000 744.7000000000
866.0000000000 854.5000000000
781.1818181818 673.4545454545
296.8181818182 110.5454545455
520.0000000000 852.0000000000
565.9090909091 423.2727272727
476.2500000000 739.7500000000
2.0000000000 491.0000000000
350.6363636364 173.0909090909
535.4000000000 704.4000000000
746.4000000000 502.9000000000
182.0000000000 855.0000000000
873.0000000000 382.0000000000
88.0000000000 809.0000000000
632.0000000000 58.0000000000
451.0000000000 785.0000000000
526.7500000000 649.2500000000
458.2727272727 298.1818181818
873.0000000000 382.0000000000
619.7272727273 485.8181818182
751.6000000000 332.6000000000
835.0000000000 736.0000000000
577.6000000000 664.1000000000
404.4545454545 235.6363636364
873.0000000000 382.0000000000
512.0909090909 360.7272727273
261.0000000000 671.5000000000
382.0000000000 719.0000000000
552.0000000000 604.0000000000
382.0000000000 719.0000000000
19.2000000000 554.6000000000
704.2000000000 543.2000000000
673.5454545455 548.3636363636
727.3636363636 610.9090909091
830.8000000000 422.3000000000
242.6666666667 740.6666666667
505.2000000000 590.2000000000
776.0000000000 332.0000000000
53.6000000000 681.8000000000
619.8000000000 623.8000000000
243.0000000000 48.0000000000
