930.0000000000 50.0000000000
930.0000000000 50.0000000000
930.0000000000 50.0000000000
930.0000000000 50.0000000000
930.0000000000 50.0000000000
930.0000000000 50.0000000000
930.0000000000 50.0000000000
930.0000000000 50.0000000000
930.0000000000 50.0000000000
930.0000000000 50.0000000000
930.0000000000 50.0000000000
930.0000000000 50.0000000000
930.0000000000 50.0000000000
930.0000000000 50.0000000000
930.0000000000 50.0000000000
930.0000000000 50.0000000000
930.0000000000 50.0000000000
930.0000000000 50.0000000000
930.0000000000 50.0000000000
930.0000000000 50.0000000000
930.0000000000 50.0000000000
930.0000000000 50.0000000000
930.0000000000 50.0000000000
930.0000000000 50.0000000000
930.0000000000 50.0000000000
930.0000000000 50.0000000000
930.0000000000 50.0000000000
930.0000000000 50.0000000000
930.0000000000 50.0000000000
930.0000000000 50.0000000000
930.0000000000 50.0000000000
930.0000000000 50.0000000000
930.0000000000 50.0000000000
930.0000000000 50.0000000000
930.0000000000 50.0000000000
930.0000000000 50.0000000000
930.0000000000 50.0000000000
930.0000000000 50.0000000000
930.0000000000 50.0000000000
930.0000000000 50.0000000000
930.0000000000 50.0000000000
930.0000000000 50.0000000000
930.0000000000 50.0000000000
930.0000000000 50.0000000000
930.0000000000 50.0000000000
930.0000000000 50.0000000000
930.0000000000 50.0000000000
930.0000000000 50.0000000000
930.0000000000 50.0000000000
930.0000000000 50.0000000000
930.0000000000 50.0000000000
930.0000000000 50.0000000000
930.0000000000 50.0000000000
930.0000000000 50.0000000000
930.0000000000 50.0000000000
