100 99
-1 -1
-1 -1
-1 -1
-1 -1
-1 -1
-1 -1
-1 -1
-1 -1
705 719
709 38
-1 -1
-1 -1
416 446
-1 -1
-1 -1
321 738
-1 -1
754 161
-1 -1
-1 -1
257 453
576 844
789 33
-1 -1
-1 -1
-1 -1
201 608
-1 -1
-1 -1
-1 -1
-1 -1
-1 -1
-1 -1
891 8
-1 -1
628 819
-1 -1
-1 -1
-1 -1
-1 -1
776 541
-1 -1
-1 -1
331 870
-1 -1
-1 -1
-1 -1
-1 -1
-1 -1
-1 -1
-1 -1
-1 -1
437 959
913 530
-1 -1
952 164
-1 -1
-1 -1
-1 -1
-1 -1
-1 -1
232 315
-1 -1
-1 -1
-1 -1
-1 -1
-1 -1
-1 -1
-1 -1
-1 -1
-1 -1
-1 -1
603 558
351 121
-1 -1
-1 -1
776 952
-1 -1
825 462
-1 -1
757 726
-1 -1
960 139
-1 -1
644 122
-1 -1
-1 -1
-1 -1
-1 -1
-1 -1
-1 -1
-1 -1
-1 -1
-1 -1
-1 -1
-1 -1
-1 -1
-1 -1
-1 -1
80 321
82 91
79 91
59 91
38 91
5 82
82 83
5 55
5 9
5 29
5 21
5 64
44 55
55 71
55 84
48 55
27 55
2 79
1 79
20 79
79 90
79 97
9 87
9 41
9 36
59 96
42 59
2 6
2 11
2 49
2 70
2 80
43 87
87 89
29 47
1 28
1 23
1 63
44 68
25 44
41 56
33 41
36 51
36 86
35 36
71 99
53 71
6 76
6 46
6 50
10 11
57 99
18 99
22 96
39 96
88 96
32 76
30 76
72 76
28 66
28 100
56 95
56 75
15 22
22 24
22 60
12 33
37 48
21 81
66 73
12 62
31 35
16 35
19 39
17 39
39 58
43 54
8 95
34 95
15 69
61 73
31 92
31 93
13 69
25 45
78 100
26 100
4 57
3 88
14 78
19 52
10 74
42 94
42 98
40 75
65 72
40 85
45 77
7 93
52 67
