100 2475
-1 -1
287 56
716 882
895 284
-1 -1
306 534
-1 -1
720 596
-1 -1
-1 -1
-1 -1
547 169
-1 -1
-1 -1
-1 -1
301 45
165 698
830 671
735 827
127 98
416 228
-1 -1
-1 -1
-1 -1
-1 -1
478 614
396 923
-1 -1
-1 -1
374 974
-1 -1
-1 -1
-1 -1
44 262
-1 -1
-1 -1
862 398
-1 -1
578 179
-1 -1
577 159
-1 -1
-1 -1
-1 -1
335 473
954 531
794 891
-1 -1
-1 -1
652 759
-1 -1
8 221
475 685
-1 -1
926 12
-1 -1
82 526
1000 259
412 542
927 396
-1 -1
-1 -1
-1 -1
-1 -1
-1 -1
562 746
652 886
-1 -1
321 439
-1 -1
-1 -1
206 944
648 262
-1 -1
523 714
-1 -1
-1 -1
330 703
-1 -1
284 728
-1 -1
-1 -1
212 945
-1 -1
527 729
-1 -1
587 191
-1 -1
-1 -1
237 439
234 981
969 356
293 622
488 416
501 450
-1 -1
887 25
778 290
-1 -1
307 280
3 84
3 11
3 34
3 91
3 80
3 16
3 92
3 5
3 86
3 41
3 44
3 67
3 45
3 74
3 13
3 28
3 65
3 24
3 87
3 99
3 94
3 7
3 4
3 15
3 61
3 55
3 58
3 71
3 32
3 97
3 42
3 78
3 98
3 33
3 83
3 43
3 60
3 73
3 8
3 89
3 38
3 64
3 46
3 18
3 88
3 82
3 22
3 68
3 75
3 90
3 40
3 23
3 17
3 12
50 84
34 84
1 84
84 91
77 84
69 84
16 84
39 84
84 92
52 84
35 84
81 84
70 84
72 84
44 84
45 84
74 84
13 84
10 84
65 84
84 85
84 87
84 100
84 93
84 99
84 94
4 84
57 84
61 84
55 84
71 84
32 84
48 84
84 98
49 84
60 84
2 84
73 84
64 84
46 84
18 84
27 84
6 84
9 84
25 84
82 84
26 84
31 84
29 84
84 90
79 84
40 84
23 84
11 50
11 91
11 69
11 92
11 52
11 35
11 54
11 41
11 70
11 51
11 72
11 44
11 74
11 21
10 11
11 28
11 20
11 24
11 100
11 93
11 59
11 30
11 15
11 53
11 55
11 47
11 76
11 71
11 48
11 42
11 78
11 62
11 60
2 11
11 38
11 64
11 46
11 63
11 66
11 37
9 11
11 25
11 22
11 26
11 29
11 79
11 12
34 50
50 91
50 77
50 69
50 96
39 50
50 92
5 50
50 86
19 50
50 52
35 50
50 70
50 72
44 50
50 67
45 50
13 50
20 50
50 56
24 50
50 87
50 100
50 93
50 59
7 50
15 50
50 61
50 55
50 76
50 58
50 71
32 50
50 97
42 50
50 78
50 98
33 50
50 83
2 50
50 73
38 50
50 64
46 50
18 50
27 50
50 66
37 50
14 50
9 50
50 82
22 50
50 68
50 75
23 50
17 50
12 50
1 34
34 91
34 77
34 69
34 96
34 80
34 39
34 92
5 34
34 86
19 34
34 35
34 41
34 67
10 34
28 34
20 34
34 65
34 56
34 85
34 87
34 93
34 94
30 34
34 57
15 34
34 76
34 71
32 34
34 97
34 83
34 49
34 62
34 73
34 89
34 38
34 64
34 46
27 34
9 34
25 34
22 34
26 34
31 34
23 34
1 77
1 69
1 96
1 16
1 5
1 36
1 54
1 51
1 72
1 67
1 74
1 13
1 10
1 28
1 20
1 56
1 24
1 87
1 93
1 99
1 7
1 30
1 4
1 15
1 47
1 58
1 48
1 98
1 43
1 49
1 62
1 73
1 8
1 38
1 64
1 18
1 37
1 9
1 82
1 22
1 29
1 40
1 12
77 91
16 91
91 92
5 91
86 91
36 91
54 91
41 91
81 91
51 91
44 91
67 91
13 91
10 91
28 91
20 91
56 91
85 91
24 91
87 91
59 91
91 99
7 91
4 91
53 91
55 91
47 91
76 91
71 91
48 91
42 91
91 98
33 91
83 91
60 91
73 91
89 91
38 91
64 91
63 91
27 91
88 91
37 91
9 91
91 95
26 91
75 91
31 91
29 91
40 91
69 77
77 96
77 80
16 77
77 92
36 77
52 77
54 77
41 77
70 77
51 77
44 77
67 77
45 77
74 77
13 77
10 77
28 77
20 77
65 77
56 77
77 87
77 100
77 93
59 77
30 77
4 77
57 77
47 77
32 77
77 97
48 77
43 77
2 77
8 77
77 89
46 77
63 77
27 77
6 77
66 77
77 88
14 77
9 77
25 77
31 77
29 77
77 90
23 77
69 96
16 69
39 69
5 69
69 86
19 69
36 69
35 69
69 70
51 69
44 69
67 69
45 69
69 74
13 69
20 69
69 85
69 87
59 69
4 69
15 69
47 69
32 69
48 69
42 69
33 69
69 83
49 69
60 69
69 73
8 69
38 69
46 69
18 69
63 69
69 88
9 69
25 69
69 82
68 69
69 75
31 69
29 69
69 79
40 69
12 69
16 96
39 96
5 96
86 96
36 96
52 96
35 96
54 96
81 96
70 96
51 96
45 96
74 96
21 96
20 96
65 96
87 96
96 100
93 96
96 99
7 96
4 96
15 96
47 96
32 96
96 97
42 96
78 96
96 98
43 96
49 96
2 96
88 96
25 96
95 96
82 96
22 96
26 96
75 96
31 96
16 80
39 80
5 80
80 86
19 80
52 80
41 80
80 81
72 80
44 80
74 80
21 80
13 80
10 80
80 85
80 87
80 100
80 94
57 80
55 80
76 80
58 80
71 80
80 97
80 98
80 83
49 80
62 80
80 89
63 80
27 80
37 80
80 95
80 82
80 90
79 80
40 80
23 80
17 80
12 80
16 92
16 19
16 54
16 41
16 70
16 72
16 44
16 67
16 45
16 74
16 28
16 20
16 65
16 87
16 100
16 59
16 99
16 94
7 16
4 16
16 57
15 16
16 53
16 61
16 76
16 58
16 78
16 98
16 33
16 83
16 43
16 62
2 16
16 73
8 16
16 64
16 18
16 63
16 66
16 88
14 16
9 16
16 95
16 29
5 39
19 39
39 52
39 54
39 81
39 51
39 45
13 39
28 39
20 39
39 56
39 87
39 93
39 59
39 99
39 94
30 39
15 39
39 53
39 61
39 55
39 58
39 97
39 48
39 42
39 98
33 39
39 83
39 49
39 62
39 60
2 39
38 39
39 46
18 39
6 39
39 88
37 39
9 39
25 39
39 95
39 68
31 39
29 39
39 90
39 79
17 39
12 39
19 92
36 92
35 92
41 92
51 92
45 92
21 92
13 92
10 92
20 92
56 92
85 92
87 92
92 100
92 94
4 92
53 92
61 92
47 92
58 92
32 92
92 97
42 92
33 92
83 92
49 92
62 92
60 92
73 92
38 92
63 92
27 92
6 92
66 92
14 92
9 92
25 92
92 95
22 92
31 92
29 92
90 92
79 92
23 92
5 36
5 41
5 81
5 51
5 67
5 65
5 93
5 59
5 94
5 7
4 5
5 61
5 55
5 58
5 48
5 78
5 98
5 83
5 43
5 49
5 62
2 5
5 8
5 89
5 46
5 63
5 27
5 6
5 66
5 25
5 95
5 82
5 22
5 26
5 75
5 31
5 90
5 79
5 40
5 12
36 86
52 86
35 86
41 86
72 86
44 86
67 86
21 86
13 86
10 86
28 86
20 86
65 86
56 86
24 86
86 100
59 86
86 94
7 86
57 86
53 86
55 86
47 86
71 86
86 97
48 86
42 86
86 98
33 86
43 86
60 86
2 86
73 86
8 86
86 89
63 86
86 88
37 86
9 86
86 95
22 86
26 86
68 86
86 90
40 86
19 36
19 35
19 54
19 44
19 45
19 74
19 28
19 65
19 56
19 85
19 100
19 93
19 59
19 94
19 30
4 19
19 57
19 61
19 55
19 58
19 32
19 48
19 78
19 33
19 62
19 60
19 73
19 89
19 38
19 27
6 19
19 66
19 82
19 75
19 31
19 90
19 79
17 19
12 19
36 52
36 41
36 81
36 67
36 45
21 36
10 36
20 36
36 65
36 56
36 85
36 87
36 100
36 59
36 99
36 94
7 36
4 36
36 57
36 55
36 47
36 76
32 36
36 42
33 36
36 43
36 49
36 62
36 73
8 36
36 38
36 63
6 36
36 88
36 37
14 36
25 36
36 82
22 36
26 36
31 36
29 36
23 36
17 36
41 52
52 81
52 70
13 52
52 65
52 85
24 52
52 87
52 100
52 59
52 99
52 94
7 52
30 52
4 52
52 57
15 52
52 55
47 52
52 76
32 52
52 97
48 52
42 52
49 52
52 62
52 73
52 89
52 64
46 52
27 52
14 52
25 52
52 95
26 52
52 68
52 75
23 52
17 52
12 52
35 54
35 41
35 51
10 35
35 65
35 56
35 85
35 100
35 59
7 35
35 57
15 35
35 53
35 58
35 71
35 48
35 42
35 78
35 98
35 83
35 43
35 49
35 73
35 89
18 35
27 35
6 35
14 35
35 82
26 35
29 35
35 90
35 79
23 35
17 35
12 35
41 54
54 81
54 72
54 67
45 54
54 74
21 54
13 54
10 54
28 54
54 85
24 54
54 100
54 93
54 59
54 94
7 54
30 54
4 54
54 57
15 54
54 76
54 58
54 71
48 54
54 98
33 54
54 62
54 73
27 54
54 88
14 54
54 95
54 82
22 54
31 54
29 54
54 79
41 81
41 70
41 51
41 72
41 44
41 67
41 45
41 74
10 41
20 41
41 65
41 85
41 87
41 59
7 41
30 41
15 41
41 47
41 58
41 71
41 97
41 42
41 98
41 60
2 41
8 41
41 89
38 41
41 64
41 63
6 41
41 66
41 88
14 41
9 41
25 41
22 41
26 41
41 75
41 90
41 79
40 41
17 41
12 41
70 81
72 81
44 81
67 81
74 81
21 81
10 81
20 81
81 93
59 81
81 94
4 81
57 81
53 81
61 81
55 81
47 81
58 81
71 81
32 81
81 97
48 81
42 81
78 81
33 81
81 83
60 81
2 81
81 89
63 81
66 81
37 81
14 81
81 95
81 82
22 81
26 81
68 81
81 90
79 81
17 81
12 81
51 70
67 70
13 70
10 70
28 70
20 70
24 70
70 87
59 70
70 99
70 94
7 70
4 70
53 70
58 70
32 70
70 97
48 70
42 70
70 78
70 98
70 83
49 70
62 70
60 70
38 70
64 70
46 70
27 70
66 70
26 70
68 70
70 75
31 70
70 90
70 79
23 70
17 70
12 70
51 72
44 51
51 67
45 51
51 74
21 51
28 51
51 56
51 87
51 93
51 59
51 94
30 51
51 57
15 51
51 55
51 76
51 71
32 51
48 51
42 51
51 78
33 51
43 51
49 51
51 73
8 51
51 89
38 51
51 64
46 51
6 51
51 66
14 51
9 51
51 95
26 51
51 79
23 51
17 51
12 51
44 72
72 74
21 72
56 72
72 85
72 87
59 72
72 99
7 72
4 72
15 72
61 72
55 72
47 72
71 72
32 72
72 97
72 78
33 72
43 72
8 72
38 72
46 72
18 72
6 72
72 88
9 72
25 72
22 72
72 75
31 72
29 72
72 90
23 72
44 45
44 74
21 44
10 44
28 44
44 65
44 85
24 44
44 94
7 44
30 44
4 44
15 44
44 71
32 44
44 97
44 48
44 78
44 49
44 60
44 73
44 89
38 44
18 44
27 44
6 44
44 66
37 44
25 44
44 95
31 44
44 79
40 44
17 44
12 44
45 67
21 67
13 67
28 67
65 67
56 67
24 67
59 67
15 67
53 67
32 67
48 67
42 67
67 98
33 67
8 67
38 67
64 67
27 67
66 67
37 67
14 67
67 82
22 67
67 68
67 75
31 67
29 67
67 90
67 79
40 67
23 67
17 67
45 74
20 45
45 85
45 87
30 45
4 45
45 57
15 45
45 53
45 61
45 47
45 76
45 71
45 48
33 45
45 83
43 45
45 49
45 62
45 73
45 63
6 45
45 66
14 45
9 45
25 45
45 82
45 68
45 75
45 90
13 74
10 74
20 74
65 74
74 85
74 100
74 93
59 74
74 94
7 74
30 74
57 74
61 74
55 74
47 74
74 76
74 97
33 74
43 74
62 74
73 74
74 89
38 74
46 74
18 74
63 74
27 74
66 74
37 74
9 74
25 74
74 95
68 74
74 75
74 90
40 74
13 21
21 28
20 21
21 65
21 56
21 24
21 100
21 93
21 94
21 30
4 21
21 57
15 21
21 53
21 55
21 76
21 58
21 71
21 32
21 42
21 78
21 98
21 83
21 49
21 62
2 21
21 73
21 64
21 46
18 21
21 27
6 21
21 66
21 88
14 21
21 95
21 68
21 31
21 90
21 79
21 23
17 21
10 13
13 28
13 20
13 56
13 100
13 59
13 99
13 15
13 61
13 55
13 76
13 32
13 42
13 98
13 33
13 83
13 60
2 13
13 73
13 89
13 64
13 63
13 27
6 13
13 88
13 14
13 95
13 82
13 26
13 75
13 31
13 40
12 13
10 20
10 85
10 24
10 93
10 94
10 30
4 10
10 15
10 53
10 55
10 47
10 58
10 71
10 32
10 97
10 48
10 78
10 83
10 49
10 60
2 10
8 10
10 64
10 46
10 63
6 10
10 88
10 95
10 22
10 26
10 29
10 23
10 17
10 12
28 65
28 56
28 94
28 30
4 28
15 28
28 53
28 76
28 58
28 71
28 97
28 78
28 33
28 62
28 60
2 28
28 73
28 38
28 64
18 28
28 63
6 28
28 66
9 28
25 28
28 95
28 82
26 28
28 75
28 29
28 90
28 40
20 85
20 24
20 87
20 100
20 59
20 94
7 20
20 30
4 20
20 57
20 53
20 47
20 76
20 58
20 32
20 97
20 48
20 42
20 83
20 43
20 49
20 62
20 60
20 73
8 20
20 38
20 64
20 46
18 20
20 63
20 27
20 88
20 37
14 20
20 82
20 22
20 29
20 90
20 79
20 40
17 20
12 20
65 85
24 65
65 87
65 100
65 93
59 65
65 99
30 65
4 65
57 65
53 65
61 65
55 65
47 65
65 71
32 65
65 97
48 65
42 65
65 98
33 65
49 65
60 65
2 65
65 73
64 65
18 65
27 65
6 65
65 66
37 65
14 65
25 65
65 95
26 65
65 68
31 65
23 65
12 65
56 100
56 59
56 94
56 57
53 56
56 61
55 56
56 76
56 58
32 56
48 56
56 98
33 56
56 83
49 56
56 62
56 73
56 89
56 64
18 56
56 63
6 56
37 56
25 56
56 95
22 56
26 56
56 68
56 75
31 56
29 56
56 90
40 56
23 56
17 56
85 100
59 85
7 85
53 85
47 85
76 85
58 85
32 85
85 97
78 85
85 98
83 85
49 85
73 85
8 85
85 89
38 85
46 85
18 85
6 85
14 85
25 85
82 85
22 85
29 85
85 90
40 85
17 85
12 85
24 87
24 100
24 93
24 59
24 94
7 24
24 30
24 61
24 55
24 47
24 76
24 58
24 71
24 97
24 48
24 42
24 78
24 33
24 83
24 62
2 24
24 73
24 89
24 38
24 46
24 27
6 24
24 66
24 37
24 25
24 95
24 82
22 24
24 26
24 75
24 29
24 90
23 24
17 24
87 100
59 87
87 99
4 87
57 87
53 87
61 87
55 87
47 87
58 87
83 87
43 87
49 87
60 87
38 87
64 87
63 87
6 87
87 88
37 87
14 87
82 87
26 87
68 87
29 87
87 90
79 87
40 87
23 87
93 100
94 100
7 100
4 100
15 100
61 100
55 100
47 100
76 100
48 100
33 100
43 100
49 100
60 100
2 100
89 100
6 100
66 100
37 100
9 100
68 100
31 100
29 100
79 100
40 100
23 100
59 93
93 99
93 94
30 93
57 93
15 93
61 93
55 93
58 93
71 93
32 93
42 93
93 98
43 93
49 93
60 93
2 93
73 93
89 93
46 93
63 93
88 93
14 93
9 93
82 93
26 93
31 93
17 93
59 94
7 59
30 59
4 59
15 59
59 61
59 76
32 59
59 97
48 59
42 59
33 59
59 62
59 73
59 89
18 59
27 59
6 59
59 88
37 59
14 59
25 59
59 82
26 59
31 59
59 79
40 59
94 99
4 99
57 99
15 99
53 99
61 99
55 99
47 99
76 99
71 99
48 99
78 99
98 99
33 99
62 99
2 99
89 99
38 99
18 99
27 99
66 99
88 99
37 99
9 99
95 99
22 99
90 99
23 99
17 99
4 94
61 94
76 94
71 94
32 94
42 94
78 94
33 94
83 94
49 94
62 94
60 94
2 94
73 94
8 94
64 94
63 94
6 94
66 94
88 94
37 94
14 94
9 94
94 95
26 94
75 94
29 94
79 94
23 94
12 94
7 30
7 57
7 53
7 47
7 71
7 97
7 98
7 33
7 83
7 43
7 60
2 7
7 73
7 63
7 27
6 7
7 88
7 9
7 95
7 82
7 22
7 68
7 79
7 40
7 23
7 12
15 30
30 53
30 55
30 47
30 71
30 32
30 97
30 83
30 60
30 73
8 30
30 89
30 64
6 30
30 88
30 37
9 30
30 95
30 82
30 68
30 75
29 30
30 90
30 79
23 30
17 30
4 53
4 55
4 76
4 97
4 48
4 78
4 98
4 33
4 43
4 49
4 62
4 60
2 4
4 8
4 89
4 38
4 64
4 46
4 6
4 9
4 25
4 22
4 26
4 90
4 40
4 23
4 12
15 57
53 57
55 57
47 57
57 97
49 57
57 62
57 60
57 73
46 57
57 63
27 57
6 57
37 57
9 57
25 57
26 57
57 90
40 57
17 57
12 57
15 53
15 61
15 32
15 42
15 78
15 33
15 83
15 43
15 49
15 62
15 60
2 15
15 89
15 18
15 63
15 66
9 15
15 75
15 31
15 29
15 90
15 79
15 40
15 23
15 17
47 53
53 71
53 97
48 53
42 53
53 98
33 53
43 53
49 53
53 73
8 53
46 53
14 53
9 53
53 82
22 53
26 53
53 68
53 75
29 53
53 79
17 53
12 53
55 61
61 76
61 71
32 61
48 61
42 61
61 78
33 61
49 61
2 61
61 89
38 61
18 61
61 63
27 61
6 61
61 88
14 61
25 61
22 61
61 68
61 75
40 61
17 61
55 76
55 58
32 55
48 55
55 78
55 62
2 55
55 89
38 55
27 55
55 88
14 55
25 55
22 55
26 55
55 68
55 75
31 55
55 90
55 79
23 55
12 55
47 71
33 47
2 47
47 73
8 47
18 47
27 47
47 95
22 47
47 68
47 75
47 90
40 47
12 47
76 97
42 76
33 76
76 83
62 76
73 76
76 89
27 76
14 76
76 82
26 76
76 90
12 76
58 97
58 98
33 58
43 58
49 58
58 60
8 58
58 64
18 58
27 58
58 66
14 58
9 58
58 95
58 82
22 58
58 68
31 58
58 79
40 58
23 58
17 58
71 78
71 98
71 83
62 71
71 89
18 71
63 71
14 71
9 71
25 71
71 95
26 71
68 71
71 75
31 71
29 71
71 90
71 79
40 71
32 97
32 78
32 98
32 33
32 83
32 62
32 60
2 32
32 38
32 64
32 46
32 66
14 32
32 95
32 82
22 32
26 32
32 75
32 40
17 32
12 32
78 97
83 97
73 97
8 97
89 97
64 97
63 97
9 97
25 97
82 97
22 97
26 97
90 97
79 97
40 97
12 97
42 48
48 78
33 48
48 83
48 49
48 62
2 48
48 73
8 48
48 89
38 48
46 48
6 48
37 48
25 48
22 48
48 68
48 75
31 48
23 48
17 48
12 48
42 78
42 98
42 62
42 60
42 73
8 42
42 89
38 42
42 46
42 63
6 42
42 88
14 42
9 42
25 42
42 95
42 82
22 42
42 75
42 90
40 42
12 42
33 78
78 83
43 78
49 78
60 78
2 78
73 78
8 78
78 89
38 78
63 78
6 78
37 78
14 78
9 78
78 82
22 78
68 78
75 78
31 78
29 78
40 78
23 78
17 78
12 78
83 98
43 98
73 98
89 98
38 98
18 98
27 98
6 98
14 98
25 98
95 98
68 98
75 98
29 98
40 98
12 98
33 83
33 73
33 89
33 64
33 46
33 66
33 88
9 33
26 33
33 68
31 33
29 33
23 33
43 83
62 83
60 83
8 83
64 83
18 83
27 83
6 83
66 83
83 88
14 83
9 83
25 83
82 83
22 83
68 83
31 83
29 83
79 83
40 83
17 83
12 83
43 62
43 60
2 43
8 43
43 89
38 43
18 43
43 63
43 88
37 43
14 43
26 43
43 75
31 43
43 90
43 79
40 43
49 73
8 49
38 49
46 49
18 49
27 49
37 49
14 49
25 49
49 82
22 49
26 49
49 75
31 49
49 90
40 49
38 62
18 62
62 63
6 62
37 62
9 62
25 62
62 95
62 68
62 75
31 62
17 62
2 60
8 60
60 89
46 60
18 60
27 60
6 60
14 60
9 60
25 60
60 95
26 60
60 90
60 79
40 60
23 60
12 60
2 73
2 8
2 18
2 27
2 6
2 66
2 37
2 82
2 22
2 68
2 75
2 31
2 29
2 90
2 79
2 12
73 89
46 73
6 73
25 73
22 73
68 73
73 75
29 73
23 73
17 73
8 89
8 64
8 88
8 37
8 9
8 25
8 26
8 75
8 29
8 90
8 79
38 89
64 89
18 89
27 89
6 89
14 89
9 89
89 95
22 89
68 89
31 89
29 89
79 89
40 89
12 89
18 38
38 63
27 38
38 88
37 38
14 38
9 38
38 82
38 68
29 38
23 38
17 38
12 38
63 64
27 64
64 66
14 64
25 64
64 82
22 64
26 64
64 68
23 64
46 63
46 66
46 88
37 46
14 46
25 46
46 95
46 68
31 46
46 79
18 27
6 18
18 88
9 18
18 22
18 75
18 29
18 90
18 79
18 40
27 63
63 66
63 88
14 63
63 95
63 75
31 63
29 63
63 90
63 79
40 63
23 63
6 27
27 37
25 27
22 27
26 27
27 29
27 79
27 40
17 27
12 27
6 66
6 88
6 9
6 25
6 82
6 22
6 68
6 75
6 40
6 23
6 17
6 12
66 88
37 66
14 66
9 66
25 66
22 66
26 66
66 75
66 90
17 66
9 88
25 88
88 95
82 88
22 88
68 88
75 88
31 88
29 88
40 88
23 88
25 37
37 82
22 37
37 68
37 75
31 37
37 90
37 79
23 37
12 37
14 82
14 22
14 26
14 68
14 75
14 23
14 17
9 95
9 22
9 26
9 79
9 40
25 95
22 25
25 26
25 68
25 90
25 40
17 25
12 25
82 95
68 95
75 95
29 95
90 95
79 95
40 95
22 82
26 82
75 82
29 82
17 82
22 26
22 75
22 31
22 90
22 23
17 22
12 22
26 75
26 29
26 90
26 79
26 40
23 26
31 68
68 90
40 68
17 68
12 68
29 75
75 90
75 79
12 75
31 90
31 79
29 90
23 29
79 90
17 79
23 40
17 40
17 23
12 23
