549.7500000000 507.0357142857
549.7500000000 507.0357142857
302.0000000000 292.0000000000
175.0000000000 660.0000000000
549.7500000000 507.0357142857
952.0000000000 58.0000000000
549.7500000000 507.0357142857
549.7500000000 507.0357142857
549.7500000000 507.0357142857
549.7500000000 507.0357142857
419.0000000000 750.0000000000
666.0000000000 230.0000000000
793.0000000000 285.0000000000
549.7500000000 507.0357142857
549.7500000000 507.0357142857
549.7500000000 507.0357142857
549.7500000000 507.0357142857
549.7500000000 507.0357142857
361.0000000000 935.0000000000
936.0000000000 382.0000000000
549.7500000000 507.0357142857
639.0000000000 684.0000000000
529.0000000000 769.0000000000
549.7500000000 507.0357142857
424.0000000000 880.0000000000
959.0000000000 514.0000000000
104.0000000000 87.0000000000
549.7500000000 507.0357142857
549.7500000000 507.0357142857
549.7500000000 507.0357142857
416.0000000000 776.0000000000
320.0000000000 229.0000000000
902.0000000000 179.0000000000
669.0000000000 81.0000000000
986.0000000000 183.0000000000
549.7500000000 507.0357142857
549.7500000000 507.0357142857
846.0000000000 679.0000000000
549.7500000000 507.0357142857
549.7500000000 507.0357142857
549.7500000000 507.0357142857
828.0000000000 642.0000000000
549.7500000000 507.0357142857
549.7500000000 507.0357142857
549.7500000000 507.0357142857
387.0000000000 446.0000000000
481.0000000000 976.0000000000
207.0000000000 794.0000000000
460.0000000000 108.0000000000
428.0000000000 809.0000000000
283.0000000000 621.0000000000
549.7500000000 507.0357142857
67.0000000000 524.0000000000
854.0000000000 624.0000000000
549.7500000000 507.0357142857
