100 2475
-1 -1
-1 -1
-1 -1
-1 -1
-1 -1
-1 -1
-1 -1
-1 -1
-1 -1
-1 -1
-1 -1
-1 -1
-1 -1
-1 -1
-1 -1
-1 -1
-1 -1
-1 -1
-1 -1
317 975
-1 -1
-1 -1
-1 -1
-1 -1
-1 -1
-1 -1
-1 -1
-1 -1
-1 -1
-1 -1
-1 -1
-1 -1
-1 -1
-1 -1
-1 -1
-1 -1
-1 -1
-1 -1
-1 -1
-1 -1
-1 -1
-1 -1
-1 -1
-1 -1
-1 -1
-1 -1
-1 -1
-1 -1
-1 -1
-1 -1
-1 -1
-1 -1
-1 -1
-1 -1
-1 -1
-1 -1
-1 -1
-1 -1
-1 -1
-1 -1
-1 -1
-1 -1
-1 -1
-1 -1
-1 -1
-1 -1
-1 -1
-1 -1
-1 -1
-1 -1
-1 -1
-1 -1
-1 -1
-1 -1
-1 -1
-1 -1
-1 -1
-1 -1
-1 -1
-1 -1
-1 -1
-1 -1
-1 -1
-1 -1
-1 -1
-1 -1
-1 -1
-1 -1
-1 -1
-1 -1
-1 -1
-1 -1
-1 -1
-1 -1
-1 -1
-1 -1
-1 -1
-1 -1
-1 -1
-1 -1
36 49
49 66
16 49
49 68
4 49
17 49
11 49
14 49
33 49
13 49
49 56
49 90
49 74
49 85
12 49
40 49
37 49
49 100
18 49
49 96
24 49
5 49
49 75
20 49
49 64
49 51
27 49
49 72
49 55
7 49
49 82
22 49
43 49
49 79
49 88
48 49
49 93
49 54
6 49
49 91
49 53
38 49
49 87
49 78
49 94
49 71
49 59
36 42
29 36
36 66
36 50
36 68
36 77
32 36
17 36
11 36
33 36
13 36
36 56
36 74
36 40
36 69
25 36
1 36
36 41
21 36
28 36
36 47
36 45
35 36
36 73
34 36
24 36
5 36
36 75
36 83
36 99
30 36
36 82
36 79
8 36
36 57
9 36
36 58
36 80
10 36
3 36
36 53
36 38
36 87
36 60
36 92
36 52
36 59
36 84
29 42
16 42
42 77
32 42
4 42
11 42
42 76
33 42
42 74
42 69
25 42
1 42
37 42
41 42
21 42
42 97
42 45
42 73
42 96
42 61
34 42
5 42
42 75
42 64
42 51
42 83
42 72
42 89
7 42
30 42
42 82
22 42
42 79
42 70
42 88
8 42
42 57
9 42
42 58
42 80
42 46
42 93
42 54
6 42
42 91
3 42
38 42
42 78
42 98
42 95
42 84
29 66
16 29
29 32
11 29
14 29
29 65
29 33
13 29
29 74
29 85
29 40
25 29
1 29
29 37
29 41
29 100
18 29
29 86
29 96
29 61
29 34
24 29
5 29
29 75
20 29
15 29
29 51
27 29
29 72
26 29
29 55
29 89
7 29
29 30
29 43
29 79
29 70
8 29
29 57
9 29
23 29
29 80
29 46
29 93
29 53
29 78
19 29
29 60
29 92
29 52
29 98
29 71
29 95
29 59
29 39
50 66
66 68
66 77
4 66
11 66
65 66
66 76
33 66
13 66
56 66
66 90
66 74
66 85
12 66
40 66
66 69
1 66
41 66
18 66
66 97
47 66
45 66
31 66
66 73
66 81
24 66
20 66
64 66
51 66
66 83
66 99
66 72
55 66
66 89
30 66
66 82
43 66
66 70
62 66
8 66
48 66
66 80
54 66
10 66
3 66
53 66
66 98
66 71
66 95
16 68
16 77
4 16
16 17
11 16
16 67
16 76
16 33
16 56
16 74
16 85
12 16
16 69
16 25
1 16
16 37
16 41
16 100
16 18
16 28
16 47
16 45
16 31
16 35
16 73
16 44
16 61
16 24
16 64
16 27
16 83
16 99
16 89
16 30
16 82
16 22
16 43
16 88
8 16
9 16
16 80
16 63
16 93
16 54
6 16
10 16
16 91
16 38
16 60
16 94
16 98
16 71
16 59
16 84
16 39
50 68
32 50
4 50
17 50
11 50
14 50
50 65
50 67
33 50
13 50
50 90
12 50
50 69
37 50
18 50
50 86
44 50
50 61
24 50
50 64
15 50
50 99
50 72
26 50
7 50
50 82
22 50
43 50
50 70
50 88
8 50
50 58
50 93
50 54
6 50
10 50
50 53
19 50
50 52
50 94
50 98
2 50
50 71
50 95
17 68
65 68
67 68
33 68
68 74
68 69
25 68
68 100
68 86
31 68
35 68
68 81
44 68
24 68
68 75
20 68
15 68
27 68
68 83
68 99
26 68
7 68
43 68
68 79
68 70
62 68
8 68
48 68
9 68
58 68
68 80
46 68
68 93
6 68
10 68
3 68
53 68
38 68
68 78
19 68
60 68
68 92
68 94
68 95
59 68
4 77
17 77
11 77
14 77
65 77
33 77
74 77
12 77
40 77
25 77
1 77
41 77
77 100
77 97
47 77
45 77
77 86
31 77
35 77
77 81
77 96
24 77
5 77
75 77
20 77
64 77
27 77
77 83
26 77
77 82
43 77
57 77
58 77
63 77
46 77
54 77
6 77
10 77
53 77
77 92
52 77
77 94
77 98
71 77
77 95
77 84
39 77
17 32
11 32
14 32
32 65
32 67
32 33
13 32
32 90
12 32
32 40
32 69
25 32
1 32
18 32
28 32
32 97
32 47
31 32
32 35
32 73
32 81
32 96
32 44
32 34
24 32
5 32
32 75
32 72
26 32
7 32
30 32
22 32
32 70
32 62
32 48
32 57
32 63
32 46
32 93
32 54
10 32
3 32
19 32
32 98
32 71
4 17
4 11
4 65
4 67
4 33
4 13
4 56
4 12
1 4
4 18
4 28
4 47
4 86
4 73
4 81
4 96
4 44
4 61
4 24
4 75
4 83
4 99
4 55
4 89
4 7
4 82
4 43
4 70
4 8
4 9
4 23
4 80
4 54
4 10
3 4
4 53
4 78
4 60
4 52
4 95
4 39
14 17
17 65
17 76
17 56
17 85
12 17
17 25
17 37
17 41
17 21
17 100
17 97
17 47
17 45
17 31
17 61
17 34
17 24
5 17
17 20
17 27
17 83
17 99
17 26
17 55
17 89
17 30
17 79
17 70
8 17
17 48
17 57
17 58
17 23
17 46
17 93
17 54
10 17
17 78
17 92
17 94
2 17
17 71
17 95
17 84
17 39
11 14
11 13
11 56
11 90
11 74
11 12
11 40
1 11
11 37
11 45
11 31
11 35
11 44
5 11
11 20
11 64
11 15
11 27
11 83
11 99
11 26
7 11
11 82
11 22
11 79
8 11
9 11
11 58
6 11
11 91
3 11
11 87
11 78
11 19
11 92
11 52
11 94
2 11
11 71
11 95
11 59
11 84
11 39
14 65
14 67
14 33
13 14
14 90
14 40
14 37
14 41
14 21
14 18
14 86
14 31
14 96
14 44
14 61
14 34
14 24
5 14
14 83
14 55
14 89
14 43
14 79
14 62
14 57
9 14
14 58
14 23
14 80
14 46
14 53
14 38
14 60
14 92
14 71
14 95
14 84
14 39
65 67
33 65
13 65
65 90
40 65
1 65
37 65
41 65
21 65
65 100
18 65
65 97
47 65
45 65
35 65
65 73
65 81
44 65
34 65
5 65
65 75
20 65
27 65
65 99
55 65
65 89
7 65
22 65
62 65
65 88
8 65
48 65
57 65
58 65
65 80
63 65
46 65
54 65
6 65
10 65
65 91
3 65
53 65
38 65
65 78
60 65
65 92
52 65
65 94
65 98
65 95
59 65
65 84
33 67
67 90
67 85
12 67
40 67
25 67
1 67
37 67
41 67
67 100
28 67
47 67
67 86
31 67
35 67
67 81
44 67
61 67
34 67
67 75
20 67
15 67
27 67
67 99
55 67
67 89
7 67
67 82
43 67
62 67
67 88
8 67
57 67
58 67
63 67
67 93
54 67
10 67
67 91
67 78
19 67
60 67
67 92
52 67
2 67
67 95
67 84
39 67
33 76
56 76
76 90
76 85
12 76
40 76
69 76
37 76
21 76
76 100
76 97
45 76
76 86
73 76
76 81
76 96
61 76
24 76
64 76
51 76
30 76
43 76
76 79
70 76
8 76
57 76
9 76
76 80
63 76
46 76
54 76
6 76
10 76
76 91
53 76
19 76
76 92
76 94
76 98
2 76
33 56
33 85
25 33
18 33
28 33
33 73
33 81
33 96
33 44
20 33
33 64
33 51
33 83
33 99
33 72
33 55
33 89
7 33
33 82
33 43
33 62
33 88
8 33
33 48
33 57
9 33
33 58
23 33
33 63
33 54
33 91
3 33
33 38
33 92
33 52
33 94
2 33
33 59
33 84
13 56
13 74
13 25
13 41
13 31
13 81
13 61
5 13
13 15
13 51
13 83
13 55
7 13
13 79
13 62
8 13
13 48
13 57
9 13
13 23
13 46
10 13
13 87
13 60
13 92
13 52
13 95
13 59
13 84
56 74
40 56
25 56
1 56
41 56
18 56
47 56
45 56
35 56
56 61
15 56
51 56
56 99
56 89
30 56
56 79
56 70
8 56
56 57
9 56
56 80
56 63
56 93
54 56
6 56
3 56
38 56
19 56
56 60
56 92
56 98
56 71
56 95
25 90
37 90
21 90
18 90
90 97
47 90
45 90
73 90
81 90
5 90
20 90
15 90
27 90
72 90
89 90
7 90
22 90
43 90
79 90
70 90
62 90
88 90
57 90
23 90
10 90
90 91
38 90
19 90
60 90
90 92
52 90
90 94
90 98
90 95
59 90
84 90
39 90
25 74
1 74
37 74
41 74
18 74
28 74
74 97
47 74
45 74
35 74
73 74
61 74
24 74
5 74
74 75
64 74
27 74
72 74
55 74
7 74
30 74
74 82
22 74
43 74
74 79
62 74
8 74
57 74
9 74
58 74
74 80
63 74
46 74
6 74
10 74
38 74
74 78
19 74
60 74
74 92
59 74
74 84
39 74
25 85
1 85
85 100
18 85
28 85
85 97
47 85
45 85
81 85
85 96
44 85
61 85
34 85
24 85
5 85
20 85
27 85
83 85
72 85
26 85
55 85
85 89
7 85
82 85
79 85
62 85
85 88
8 85
9 85
46 85
10 85
3 85
85 87
52 85
85 98
2 85
71 85
85 95
59 85
84 85
12 69
12 21
12 97
12 31
12 81
5 12
12 15
12 51
12 27
12 89
12 30
12 22
12 62
8 12
12 48
12 57
9 12
12 58
12 63
12 46
12 93
6 12
10 12
12 91
3 12
12 53
12 38
12 87
12 78
12 19
12 60
12 94
12 98
2 12
12 59
25 40
1 40
40 100
18 40
28 40
40 47
31 40
35 40
40 73
40 81
40 61
40 64
40 83
40 99
40 72
7 40
30 40
22 40
40 43
40 79
40 70
8 40
9 40
40 58
40 63
40 93
6 40
10 40
40 53
40 87
40 52
40 94
2 40
1 69
37 69
41 69
21 69
69 100
69 97
47 69
31 69
69 73
69 81
69 96
44 69
24 69
64 69
15 69
69 83
69 99
26 69
69 89
30 69
22 69
69 79
69 88
57 69
58 69
23 69
46 69
54 69
69 91
3 69
53 69
38 69
69 78
60 69
52 69
69 94
69 98
1 25
25 41
18 25
25 97
25 31
25 81
25 61
25 34
25 75
20 25
25 51
25 83
25 72
25 26
25 30
22 25
25 43
8 25
25 57
25 58
23 25
25 80
6 25
25 91
25 53
25 38
25 60
25 94
25 98
2 25
25 71
25 59
25 84
25 39
1 21
1 28
1 97
1 47
1 45
1 35
1 73
1 81
1 61
1 34
1 24
1 75
1 27
1 83
1 99
1 26
1 89
1 7
1 30
1 22
1 43
1 70
1 88
1 8
1 48
1 57
1 9
1 23
1 80
1 54
1 91
1 3
1 38
1 60
1 52
1 94
1 98
1 2
1 71
1 59
1 84
18 37
37 97
37 45
31 37
35 37
20 37
37 64
37 51
37 55
37 89
37 82
22 37
37 70
37 88
37 48
37 93
10 37
37 38
37 87
37 78
19 37
37 52
37 94
2 37
37 59
37 84
21 41
18 41
35 41
41 81
34 41
24 41
41 75
20 41
27 41
41 72
26 41
41 55
41 89
22 41
41 62
41 58
23 41
41 93
41 54
41 91
3 41
38 41
41 87
41 60
41 94
2 41
41 71
41 95
41 59
21 100
18 21
21 97
21 45
21 86
21 31
21 35
21 73
21 81
21 96
21 61
21 75
20 21
21 64
15 21
21 51
21 26
21 55
21 43
8 21
21 58
21 23
21 80
21 93
21 78
21 60
21 94
2 21
21 71
21 95
21 84
28 100
31 100
73 100
81 100
96 100
61 100
34 100
24 100
75 100
20 100
64 100
15 100
83 100
99 100
72 100
26 100
7 100
30 100
43 100
79 100
70 100
62 100
88 100
8 100
48 100
9 100
58 100
46 100
93 100
54 100
6 100
10 100
53 100
38 100
87 100
60 100
52 100
94 100
18 97
18 44
18 61
18 20
15 18
18 27
18 99
18 30
18 43
18 70
8 18
18 57
18 58
18 23
18 63
18 93
18 54
10 18
18 53
18 38
18 87
18 78
18 19
18 92
18 94
2 18
18 95
18 59
18 84
18 39
28 97
28 45
28 35
28 73
28 81
28 44
24 28
5 28
20 28
28 51
27 28
28 83
28 99
28 55
7 28
28 82
22 28
28 70
28 88
8 28
9 28
28 63
28 46
28 54
10 28
28 53
28 60
28 52
28 94
28 59
47 97
45 97
35 97
44 97
24 97
5 97
75 97
83 97
72 97
26 97
7 97
30 97
82 97
22 97
43 97
79 97
88 97
8 97
9 97
23 97
80 97
63 97
93 97
6 97
53 97
38 97
87 97
78 97
19 97
52 97
71 97
45 47
31 47
35 47
47 73
47 81
47 96
47 61
24 47
5 47
47 64
47 51
47 72
26 47
47 89
7 47
30 47
22 47
47 79
47 70
47 62
47 88
8 47
47 48
47 58
23 47
47 80
47 63
47 54
10 47
3 47
47 87
47 78
47 52
47 94
39 47
31 45
35 45
45 73
44 45
34 45
24 45
5 45
45 64
45 83
45 99
45 72
45 55
45 89
30 45
22 45
43 45
45 79
8 45
45 57
45 58
23 45
45 80
45 54
6 45
45 91
3 45
45 87
45 92
45 52
2 45
45 95
45 59
45 84
39 45
31 86
73 86
81 86
61 86
34 86
15 86
51 86
26 86
55 86
82 86
43 86
79 86
23 86
63 86
86 93
54 86
6 86
86 87
78 86
86 92
52 86
86 94
86 98
2 86
59 86
84 86
39 86
31 73
31 81
31 44
31 61
31 34
31 75
31 64
31 51
27 31
31 83
31 99
31 72
31 55
7 31
30 31
22 31
31 79
8 31
31 57
31 63
31 46
6 31
10 31
31 53
31 38
31 87
31 78
31 60
31 52
31 98
2 31
31 59
31 84
31 39
35 61
24 35
35 75
35 64
15 35
35 83
35 99
26 35
7 35
30 35
35 82
22 35
35 43
35 79
35 70
35 62
35 88
35 48
35 58
35 63
35 46
35 93
6 35
3 35
35 53
35 38
35 87
35 78
35 92
35 95
35 84
35 39
61 73
34 73
24 73
20 73
64 73
27 73
73 83
72 73
26 73
55 73
73 89
7 73
30 73
43 73
57 73
73 80
63 73
54 73
6 73
73 91
53 73
73 87
73 78
73 94
2 73
73 95
59 73
73 84
44 81
34 81
5 81
75 81
51 81
26 81
7 81
30 81
81 82
43 81
70 81
57 81
58 81
23 81
80 81
46 81
81 93
81 91
3 81
38 81
19 81
81 98
2 81
81 95
59 81
20 96
15 96
27 96
83 96
96 99
26 96
30 96
82 96
22 96
43 96
70 96
88 96
8 96
57 96
46 96
93 96
6 96
10 96
91 96
3 96
38 96
87 96
78 96
92 96
52 96
94 96
71 96
39 96
44 61
24 44
44 75
44 51
26 44
44 89
44 82
22 44
43 44
44 88
8 44
44 48
9 44
23 44
44 80
44 46
44 54
10 44
44 91
3 44
44 53
44 87
44 78
44 92
44 98
44 71
44 59
24 61
5 61
61 64
15 61
51 61
61 72
26 61
55 61
61 79
8 61
58 61
61 63
6 61
61 91
61 87
19 61
60 61
61 92
52 61
2 61
61 71
59 61
5 34
20 34
34 64
15 34
34 51
27 34
34 99
34 72
34 55
30 34
34 82
34 43
34 79
34 70
34 62
34 48
9 34
34 46
34 54
6 34
34 91
34 53
34 38
19 34
34 92
34 94
34 98
34 71
34 95
34 59
34 39
5 24
24 75
15 24
24 27
24 99
24 89
24 30
24 82
22 24
24 57
24 58
23 24
24 46
24 54
6 24
10 24
24 91
24 53
24 38
24 87
19 24
24 60
24 92
24 52
24 94
24 98
24 71
24 59
5 75
5 20
5 15
5 83
5 99
5 72
5 26
5 7
5 30
5 82
5 22
5 43
5 79
5 62
5 48
5 57
5 9
5 23
5 80
5 54
5 6
5 91
5 53
5 38
5 87
5 60
5 92
5 52
5 84
64 75
51 75
72 75
55 75
7 75
30 75
75 82
43 75
62 75
75 88
8 75
48 75
75 80
46 75
54 75
6 75
3 75
53 75
38 75
75 87
19 75
75 94
75 98
2 75
71 75
75 95
59 75
39 75
20 64
15 20
20 51
20 27
20 83
20 99
20 82
20 22
20 43
20 79
20 70
20 88
8 20
20 57
20 58
20 46
20 54
6 20
3 20
20 38
19 20
20 92
20 94
20 98
2 20
20 95
20 59
20 39
27 64
55 64
64 89
7 64
64 82
22 64
64 79
62 64
8 64
48 64
57 64
23 64
46 64
54 64
10 64
64 91
3 64
38 64
60 64
52 64
2 64
64 84
39 64
15 51
15 83
15 72
15 26
15 55
15 89
15 88
8 15
15 48
9 15
15 58
15 80
15 46
10 15
15 91
3 15
15 38
15 60
15 92
15 52
15 94
15 98
2 15
15 71
15 59
15 84
15 39
51 83
51 99
26 51
7 51
51 82
22 51
43 51
51 79
51 70
51 57
9 51
51 58
51 80
46 51
51 93
51 54
10 51
3 51
51 53
38 51
51 87
19 51
51 60
51 92
51 71
51 95
51 59
27 83
27 72
27 55
27 89
7 27
22 27
27 70
27 62
8 27
27 48
27 57
9 27
27 80
27 46
27 93
10 27
27 91
27 53
19 27
27 60
27 94
27 98
2 27
27 71
27 59
27 84
27 39
83 99
83 89
7 83
30 83
43 83
79 83
70 83
8 83
63 83
83 93
54 83
38 83
83 87
19 83
60 83
52 83
83 94
83 98
71 83
83 95
59 83
83 84
39 83
72 99
26 99
82 99
43 99
62 99
23 99
6 99
3 99
53 99
38 99
87 99
78 99
19 99
92 99
52 99
98 99
2 99
71 99
59 99
39 99
55 72
72 89
30 72
22 72
72 88
9 72
58 72
63 72
54 72
6 72
10 72
72 91
72 78
60 72
72 92
52 72
72 94
72 98
59 72
72 84
26 55
7 26
26 30
22 26
26 43
26 62
26 88
26 57
9 26
26 80
26 63
26 46
26 93
26 91
26 53
26 38
26 87
19 26
26 52
26 94
26 71
26 59
26 84
26 39
55 82
55 79
55 70
55 62
55 88
23 55
55 80
10 55
55 91
3 55
55 87
55 78
55 92
55 94
55 98
2 55
55 95
55 84
39 55
30 89
82 89
43 89
79 89
88 89
23 89
80 89
10 89
89 91
53 89
87 89
78 89
60 89
89 92
89 94
89 95
59 89
39 89
7 82
7 79
7 48
7 23
7 80
7 63
7 46
7 91
7 53
7 78
7 19
2 7
7 71
7 59
30 82
22 30
30 79
8 30
9 30
30 80
30 63
30 93
30 54
6 30
10 30
3 30
30 53
30 38
30 87
19 30
30 92
30 94
30 98
30 95
30 84
43 82
79 82
62 82
82 88
8 82
48 82
57 82
9 82
63 82
46 82
82 93
6 82
82 91
3 82
53 82
38 82
82 87
19 82
60 82
82 92
52 82
82 98
2 82
71 82
82 95
59 82
39 82
22 43
22 79
22 70
22 62
8 22
9 22
22 80
22 46
22 93
6 22
10 22
22 91
22 87
22 78
19 22
22 52
22 84
43 79
43 62
43 88
43 57
9 43
43 58
23 43
43 80
43 46
43 54
3 43
43 53
38 43
43 87
19 43
43 60
43 94
43 98
2 43
43 71
43 59
39 43
70 79
62 79
79 88
8 79
48 79
57 79
9 79
58 79
79 80
10 79
79 91
3 79
79 87
79 92
52 79
79 94
79 98
2 79
79 84
39 79
70 88
8 70
9 70
58 70
70 80
70 93
53 70
70 87
70 78
19 70
60 70
70 92
70 94
70 71
70 84
62 88
48 62
57 62
58 62
23 62
62 80
62 63
54 62
6 62
62 78
19 62
60 62
52 62
62 71
39 62
57 88
58 88
23 88
46 88
88 93
6 88
3 88
78 88
60 88
88 92
52 88
88 94
88 95
59 88
39 88
8 9
8 58
8 63
8 91
3 8
8 19
8 92
8 94
8 71
8 95
8 39
9 48
48 58
48 80
48 63
46 48
48 93
48 54
6 48
10 48
3 48
48 87
48 78
48 60
48 52
48 94
48 98
2 48
57 58
57 63
46 57
54 57
3 57
53 57
57 87
57 78
19 57
57 60
57 92
52 57
2 57
57 71
57 59
39 57
9 58
9 23
9 63
9 46
9 54
9 87
9 19
9 94
9 98
9 71
9 95
9 84
9 39
23 58
58 80
58 93
54 58
10 58
3 58
38 58
19 58
52 58
58 98
2 58
58 71
58 95
58 59
58 84
39 58
23 80
23 63
23 46
23 93
10 23
23 87
23 60
23 92
23 52
23 71
23 95
23 84
63 80
38 80
80 87
78 80
2 80
80 95
80 84
39 80
54 63
6 63
53 63
38 63
63 87
63 78
60 63
63 92
63 94
63 98
63 84
46 93
46 54
6 46
10 46
46 91
46 53
38 46
46 87
46 60
46 92
46 52
46 59
10 93
91 93
3 93
53 93
87 93
78 93
52 93
93 94
2 93
84 93
39 93
6 54
10 54
3 54
53 54
54 87
54 78
54 94
54 98
2 54
39 54
6 10
6 87
6 60
6 92
6 94
6 98
6 95
3 10
10 38
10 19
10 60
10 52
10 71
10 95
10 59
10 84
10 39
3 91
38 91
87 91
19 91
91 94
91 98
71 91
59 91
39 91
3 53
3 87
3 19
3 60
2 3
3 71
53 87
53 78
52 53
2 53
53 71
53 95
53 59
53 84
19 38
38 60
38 92
38 98
38 95
38 39
19 87
87 92
52 87
87 98
71 87
87 95
59 87
84 87
39 87
19 78
78 92
52 78
78 98
2 78
59 78
78 84
19 60
19 94
19 98
2 19
19 59
19 39
60 92
52 60
60 94
60 98
2 60
60 71
60 95
59 60
39 60
92 94
92 98
2 92
92 95
52 94
52 98
52 95
52 59
94 98
2 94
94 95
59 94
39 94
59 98
84 98
2 84
2 39
71 84
39 71
59 95
