55 54
659 607
300 933
928 75
710 856
206 995
81 907
328 803
716 744
285 647
853 474
943 398
435 36
89 747
579 682
176 467
319 803
766 21
434 477
416 738
519 385
857 505
238 835
999 570
931 703
638 156
257 135
179 319
196 833
749 340
730 421
759 627
214 132
644 352
558 559
971 159
858 571
951 665
821 604
591 79
670 150
788 357
435 470
403 525
553 301
824 684
687 716
975 764
187 63
529 470
556 413
34 201
711 271
355 147
79 724
957 823
28 47
15 47
15 27
2 27
2 18
18 44
20 44
20 53
4 53
4 55
7 55
7 13
13 21
21 39
39 49
23 49
6 23
6 19
19 45
34 45
30 34
24 30
24 29
8 29
5 8
5 33
25 33
25 35
35 40
12 40
10 12
10 11
11 46
46 52
38 52
32 38
32 43
37 43
31 37
22 31
22 48
26 48
16 26
16 41
9 41
9 36
1 36
1 17
17 54
3 54
3 51
14 51
14 42
42 50
