777.3125000000 700.0000000000
420.8125000000 399.0000000000
474.0000000000 704.0000000000
662.0000000000 437.0000000000
572.0000000000 441.0000000000
549.0000000000 777.5000000000
688.5000000000 449.5000000000
354.0000000000 101.0000000000
592.0000000000 614.0000000000
962.0000000000 908.0000000000
662.6250000000 621.0000000000
201.0000000000 536.0000000000
662.6250000000 621.0000000000
420.8125000000 399.0000000000
679.0000000000 394.0000000000
533.0000000000 659.0000000000
420.8125000000 399.0000000000
420.8125000000 399.0000000000
354.0000000000 101.0000000000
420.8125000000 399.0000000000
662.0000000000 437.0000000000
354.0000000000 101.0000000000
892.0000000000 779.0000000000
179.0000000000 177.0000000000
777.3125000000 700.0000000000
777.3125000000 700.0000000000
572.0000000000 441.0000000000
201.0000000000 536.0000000000
549.0000000000 777.5000000000
903.0000000000 195.0000000000
662.0000000000 437.0000000000
474.0000000000 704.0000000000
354.0000000000 101.0000000000
777.3125000000 700.0000000000
662.6250000000 621.0000000000
420.8125000000 399.0000000000
549.0000000000 777.5000000000
354.0000000000 101.0000000000
572.0000000000 441.0000000000
688.5000000000 449.5000000000
354.0000000000 101.0000000000
777.3125000000 700.0000000000
354.0000000000 101.0000000000
777.3125000000 700.0000000000
420.8125000000 399.0000000000
533.0000000000 659.0000000000
812.1428571429 566.2857142857
983.0000000000 983.0000000000
474.0000000000 704.0000000000
710.2857142857 673.5714285714
914.0000000000 459.0000000000
624.0000000000 851.0000000000
850.0000000000 170.0000000000
474.0000000000 704.0000000000
420.8125000000 399.0000000000
