826.0000000000 466.0000000000
826.0000000000 466.0000000000
826.0000000000 466.0000000000
826.0000000000 466.0000000000
826.0000000000 466.0000000000
826.0000000000 466.0000000000
826.0000000000 466.0000000000
826.0000000000 466.0000000000
826.0000000000 466.0000000000
826.0000000000 466.0000000000
826.0000000000 466.0000000000
826.0000000000 466.0000000000
826.0000000000 466.0000000000
826.0000000000 466.0000000000
826.0000000000 466.0000000000
826.0000000000 466.0000000000
826.0000000000 466.0000000000
826.0000000000 466.0000000000
826.0000000000 466.0000000000
826.0000000000 466.0000000000
826.0000000000 466.0000000000
826.0000000000 466.0000000000
826.0000000000 466.0000000000
826.0000000000 466.0000000000
826.0000000000 466.0000000000
826.0000000000 466.0000000000
826.0000000000 466.0000000000
826.0000000000 466.0000000000
826.0000000000 466.0000000000
826.0000000000 466.0000000000
826.0000000000 466.0000000000
826.0000000000 466.0000000000
826.0000000000 466.0000000000
826.0000000000 466.0000000000
826.0000000000 466.0000000000
826.0000000000 466.0000000000
826.0000000000 466.0000000000
826.0000000000 466.0000000000
826.0000000000 466.0000000000
826.0000000000 466.0000000000
826.0000000000 466.0000000000
826.0000000000 466.0000000000
826.0000000000 466.0000000000
826.0000000000 466.0000000000
826.0000000000 466.0000000000
826.0000000000 466.0000000000
826.0000000000 466.0000000000
826.0000000000 466.0000000000
826.0000000000 466.0000000000
826.0000000000 466.0000000000
826.0000000000 466.0000000000
826.0000000000 466.0000000000
826.0000000000 466.0000000000
826.0000000000 466.0000000000
826.0000000000 466.0000000000
