536.3571428571 427.7142857143
536.3571428571 427.7142857143
536.3571428571 427.7142857143
536.3571428571 427.7142857143
536.3571428571 427.7142857143
536.3571428571 427.7142857143
536.3571428571 427.7142857143
536.3571428571 427.7142857143
69.0000000000 201.0000000000
536.3571428571 427.7142857143
536.3571428571 427.7142857143
662.0000000000 940.0000000000
536.3571428571 427.7142857143
536.3571428571 427.7142857143
536.3571428571 427.7142857143
683.0000000000 271.0000000000
536.3571428571 427.7142857143
64.0000000000 322.0000000000
536.3571428571 427.7142857143
732.0000000000 288.0000000000
536.3571428571 427.7142857143
536.3571428571 427.7142857143
536.3571428571 427.7142857143
536.3571428571 427.7142857143
536.3571428571 427.7142857143
536.3571428571 427.7142857143
536.3571428571 427.7142857143
536.3571428571 427.7142857143
536.3571428571 427.7142857143
536.3571428571 427.7142857143
536.3571428571 427.7142857143
258.0000000000 229.0000000000
889.0000000000 259.0000000000
536.3571428571 427.7142857143
536.3571428571 427.7142857143
536.3571428571 427.7142857143
536.3571428571 427.7142857143
536.3571428571 427.7142857143
536.3571428571 427.7142857143
233.0000000000 424.0000000000
315.0000000000 195.0000000000
536.3571428571 427.7142857143
536.3571428571 427.7142857143
536.3571428571 427.7142857143
711.0000000000 666.0000000000
953.0000000000 128.0000000000
973.0000000000 921.0000000000
536.3571428571 427.7142857143
36.0000000000 151.0000000000
536.3571428571 427.7142857143
536.3571428571 427.7142857143
536.3571428571 427.7142857143
931.0000000000 993.0000000000
536.3571428571 427.7142857143
536.3571428571 427.7142857143
