55 54
752 347
231 283
928 341
806 611
899 454
519 440
758 527
453 391
114 168
674 279
619 55
15 760
214 289
743 884
399 231
727 253
637 401
163 392
157 142
521 262
786 496
597 640
2 445
748 383
890 951
165 950
665 954
602 623
616 302
202 113
190 23
606 656
854 368
280 752
348 550
457 596
749 993
641 544
931 758
785 385
707 418
381 192
846 56
652 150
184 782
892 195
159 650
897 562
18 805
929 56
245 478
553 652
672 687
460 502
823 880
18 19
18 50
15 18
13 18
25 50
44 50
8 50
50 51
9 25
25 48
29 44
21 44
28 29
12 29
22 29
10 28
4 28
10 34
10 43
26 43
39 43
40 43
15 30
15 27
12 38
12 53
12 32
30 42
20 30
8 33
8 14
8 46
26 36
26 47
26 41
17 36
2 36
17 52
11 17
9 49
5 9
9 45
13 16
16 37
35 49
38 55
21 31
6 46
23 46
3 5
1 37
24 41
24 54
7 52
