100 2475
849 936
431 950
793 93
139 308
946 932
654 589
70 201
551 724
933 902
515 67
218 203
416 467
88 909
685 636
845 868
857 298
886 449
342 715
844 38
617 290
100 196
260 472
746 965
206 206
250 178
743 628
487 222
167 999
630 328
499 285
81 801
492 944
665 412
99 477
594 71
836 900
696 439
415 156
466 939
819 909
170 904
250 774
628 881
356 134
514 610
467 921
596 727
123 378
263 155
677 856
683 147
654 257
702 473
895 13
188 278
916 863
202 544
463 976
420 335
18 605
615 126
497 414
627 95
685 457
997 901
376 357
593 977
200 422
80 514
942 356
907 236
579 135
730 277
732 256
36 296
479 807
941 122
129 716
530 549
915 612
31 710
620 96
403 823
872 794
669 419
807 101
306 340
975 543
885 476
428 499
241 537
579 525
336 230
157 100
633 439
837 847
985 954
476 716
618 512
751 31
63 90
47 63
46 63
60 63
58 63
3 63
40 63
39 63
63 87
63 95
30 63
52 63
56 63
49 63
33 63
63 67
63 73
63 98
63 86
38 63
51 63
63 74
63 99
44 63
55 63
16 63
61 63
63 89
54 63
63 100
23 63
63 75
22 63
29 63
63 93
31 63
63 79
14 63
32 63
12 63
43 63
63 65
13 63
63 64
41 63
62 63
19 63
1 63
21 63
63 85
57 63
25 63
4 63
46 90
9 90
60 90
90 96
3 90
37 90
87 90
83 90
90 95
7 90
30 90
56 90
71 90
49 90
69 90
90 98
59 90
76 90
90 99
44 90
55 90
16 90
61 90
50 90
5 90
89 90
54 90
90 100
42 90
90 94
10 90
72 90
31 90
11 90
84 90
79 90
2 90
14 90
32 90
12 90
43 90
65 90
13 90
64 90
34 90
41 90
62 90
1 90
45 90
82 90
6 90
77 90
90 91
57 90
25 90
20 90
9 47
47 58
47 96
7 47
47 48
30 47
47 52
47 56
47 49
47 67
47 86
47 59
38 47
47 74
47 99
16 47
47 61
47 50
36 47
47 70
47 80
47 100
24 47
47 75
47 93
47 79
13 47
47 64
34 47
41 47
19 47
47 78
15 47
1 47
8 47
45 47
6 47
47 91
47 85
25 47
47 88
46 60
46 96
3 46
37 46
40 46
46 87
7 46
46 48
30 46
46 52
46 67
46 73
46 98
46 86
46 59
38 46
46 51
17 46
16 46
46 50
46 89
46 54
24 46
46 75
22 46
29 46
46 94
46 72
26 46
2 46
43 46
13 46
27 46
34 46
46 62
19 46
46 78
1 46
46 82
6 46
46 77
46 53
46 91
46 85
46 57
20 46
46 88
4 46
9 81
9 39
9 83
9 95
7 9
9 48
9 30
9 52
9 71
9 69
9 67
9 73
9 59
9 68
9 38
9 76
9 17
9 44
9 16
9 66
9 50
9 36
5 9
9 70
9 89
9 80
9 42
9 23
9 75
9 29
9 94
9 28
9 72
9 31
2 9
9 18
9 32
9 12
9 65
9 64
9 34
9 41
9 15
1 9
8 9
9 45
9 82
9 77
9 53
9 91
9 85
9 57
9 25
60 96
3 60
60 81
37 60
40 60
60 83
48 60
52 60
56 60
60 71
49 60
60 67
60 86
59 60
60 68
51 60
60 99
44 60
16 60
60 61
50 60
42 60
22 60
29 60
31 60
11 60
32 60
43 60
60 65
34 60
41 60
60 62
19 60
15 60
45 60
6 60
60 77
53 60
60 91
57 60
20 60
60 88
4 60
37 58
40 58
39 58
58 87
58 83
7 58
52 58
58 92
49 58
58 69
58 73
58 59
58 68
38 58
17 58
35 58
44 58
16 58
58 61
58 66
36 58
58 70
58 89
58 100
24 58
58 94
10 58
31 58
11 58
58 79
12 58
58 65
13 58
41 58
58 62
1 58
8 58
45 58
58 82
6 58
53 58
58 91
58 85
25 58
4 58
81 96
40 96
39 96
87 96
83 96
95 96
48 96
30 96
52 96
69 96
33 96
73 96
59 96
74 96
35 96
61 96
50 96
89 96
54 96
96 100
22 96
29 96
94 96
28 96
10 96
31 96
84 96
18 96
43 96
13 96
27 96
41 96
19 96
8 96
53 96
91 96
20 96
4 96
96 97
3 81
3 37
3 40
3 39
3 83
3 7
3 48
3 30
3 52
3 56
3 71
3 92
3 49
3 33
3 73
3 59
3 51
3 74
3 76
3 17
3 44
3 61
3 66
3 50
3 36
3 93
3 94
3 28
3 10
3 72
3 26
3 84
3 18
3 12
3 65
3 13
3 27
3 34
3 15
1 3
3 21
3 77
3 53
3 91
3 57
3 25
3 20
3 88
3 4
40 81
81 87
81 83
81 95
48 81
52 81
56 81
67 81
81 86
59 81
51 81
76 81
81 99
35 81
44 81
16 81
36 81
81 89
80 81
24 81
81 93
81 94
28 81
31 81
81 84
79 81
2 81
12 81
65 81
13 81
27 81
34 81
41 81
62 81
19 81
78 81
15 81
81 82
77 81
53 81
81 91
25 81
20 81
81 88
81 97
37 40
37 87
37 95
7 37
30 37
37 52
37 56
37 49
33 37
37 38
37 76
37 99
35 37
37 55
16 37
37 61
37 66
37 50
36 37
37 70
37 89
37 80
37 42
23 37
24 37
22 37
29 37
31 37
11 37
26 37
37 84
37 79
2 37
18 37
32 37
12 37
37 43
37 65
37 62
37 78
8 37
37 45
37 82
21 37
6 37
37 77
37 85
25 37
37 88
37 97
40 87
40 83
7 40
30 40
40 71
40 92
33 40
40 67
40 73
40 98
40 59
40 68
40 51
40 74
40 99
40 44
40 55
40 66
40 70
40 80
23 40
40 94
40 72
11 40
26 40
14 40
18 40
32 40
13 40
27 40
34 40
40 41
19 40
15 40
1 40
40 45
40 82
21 40
6 40
40 77
40 53
40 85
40 57
40 88
4 40
39 83
39 52
39 56
39 71
39 92
39 69
33 39
39 73
39 59
39 51
39 74
39 99
39 55
39 50
5 39
39 70
39 89
39 80
39 42
24 39
39 75
29 39
39 93
39 94
28 39
10 39
31 39
11 39
26 39
39 84
2 39
14 39
39 65
34 39
39 62
19 39
39 78
15 39
1 39
39 77
39 91
39 57
39 88
4 39
39 97
48 87
56 87
87 92
69 87
33 87
86 87
59 87
38 87
51 87
74 87
87 99
35 87
44 87
61 87
66 87
87 89
54 87
87 100
23 87
75 87
22 87
87 93
87 94
28 87
10 87
31 87
2 87
12 87
43 87
62 87
19 87
77 87
87 91
85 87
57 87
20 87
87 88
4 87
83 95
7 83
30 83
56 83
73 83
51 83
74 83
83 99
36 83
5 83
70 83
83 89
54 83
83 100
42 83
75 83
22 83
29 83
83 93
28 83
10 83
31 83
26 83
2 83
14 83
43 83
65 83
13 83
62 83
78 83
15 83
1 83
45 83
21 83
77 83
83 91
4 83
7 95
48 95
30 95
52 95
71 95
92 95
49 95
69 95
51 95
76 95
17 95
35 95
61 95
50 95
5 95
70 95
80 95
54 95
95 100
42 95
23 95
72 95
31 95
11 95
84 95
79 95
43 95
13 95
27 95
34 95
41 95
19 95
15 95
1 95
45 95
85 95
57 95
20 95
4 95
7 48
7 30
7 92
7 49
7 86
7 38
7 51
7 74
7 99
7 55
7 16
7 61
7 50
7 36
7 70
7 80
7 42
7 24
7 75
7 29
7 31
7 11
2 7
7 14
7 32
7 12
7 43
7 65
7 27
7 41
7 19
7 78
7 8
7 82
7 77
7 53
7 85
7 57
7 88
4 7
30 48
48 56
48 71
48 92
48 49
48 69
48 67
48 73
48 98
48 86
48 68
38 48
48 51
48 74
48 76
48 99
35 48
16 48
48 61
36 48
5 48
42 48
48 75
48 93
48 94
10 48
26 48
48 84
14 48
32 48
43 48
13 48
48 64
34 48
48 62
19 48
15 48
8 48
48 82
6 48
48 91
48 85
48 57
25 48
48 88
30 52
30 92
30 49
30 67
30 86
30 68
30 38
30 74
30 99
17 30
30 55
30 61
30 50
30 70
30 89
30 80
30 54
23 30
24 30
22 30
10 30
30 72
30 31
30 79
2 30
14 30
18 30
30 65
30 64
27 30
30 41
30 82
6 30
30 53
30 85
30 57
25 30
30 88
4 30
52 56
52 92
33 52
52 73
52 98
52 59
52 74
16 52
52 89
24 52
52 94
28 52
52 72
11 52
52 84
52 79
52 65
52 64
27 52
41 52
52 78
52 82
21 52
6 52
52 77
52 53
52 85
52 57
25 52
20 52
56 71
56 92
33 56
56 98
56 59
38 56
17 56
35 56
55 56
56 61
50 56
36 56
5 56
56 89
56 80
56 100
42 56
56 75
22 56
29 56
56 93
56 94
10 56
56 72
11 56
26 56
32 56
12 56
56 65
13 56
27 56
41 56
19 56
56 78
15 56
1 56
8 56
56 82
6 56
56 77
53 56
56 91
56 57
25 56
20 56
69 71
67 71
59 71
68 71
38 71
51 71
71 74
17 71
35 71
44 71
55 71
16 71
36 71
5 71
70 71
71 80
71 100
23 71
29 71
71 72
26 71
71 84
14 71
32 71
65 71
13 71
64 71
15 71
71 82
6 71
71 77
53 71
71 91
25 71
20 71
49 92
69 92
67 92
73 92
92 98
86 92
68 92
38 92
51 92
74 92
76 92
44 92
55 92
36 92
89 92
80 92
54 92
92 100
42 92
23 92
75 92
22 92
92 93
92 94
31 92
26 92
79 92
2 92
14 92
18 92
32 92
12 92
43 92
13 92
64 92
41 92
62 92
19 92
78 92
1 92
8 92
21 92
77 92
53 92
91 92
85 92
57 92
20 92
88 92
92 97
33 49
49 67
49 98
38 49
17 49
44 49
49 55
16 49
49 61
49 66
5 49
49 70
49 80
49 54
42 49
49 75
49 93
49 94
28 49
49 72
26 49
49 79
32 49
12 49
13 49
49 64
34 49
19 49
1 49
8 49
45 49
21 49
6 49
49 53
49 91
49 57
25 49
20 49
4 49
67 69
69 73
68 69
69 74
69 76
69 99
35 69
44 69
16 69
61 69
50 69
5 69
54 69
69 100
42 69
22 69
69 94
28 69
69 72
31 69
69 84
14 69
32 69
43 69
13 69
41 69
62 69
69 78
15 69
8 69
21 69
53 69
69 91
69 85
20 69
69 88
33 67
33 73
33 98
33 86
33 59
33 68
33 38
33 99
17 33
33 55
33 61
33 66
33 50
5 33
33 80
33 42
24 33
22 33
33 93
31 33
11 33
26 33
2 33
14 33
18 33
32 33
33 43
13 33
33 41
19 33
33 78
1 33
8 33
21 33
33 53
4 33
33 97
67 86
59 67
67 74
67 76
35 67
44 67
16 67
61 67
66 67
36 67
5 67
67 70
67 89
67 80
67 75
29 67
28 67
10 67
67 72
31 67
11 67
26 67
67 84
2 67
14 67
32 67
43 67
65 67
13 67
64 67
34 67
19 67
15 67
1 67
67 82
6 67
67 77
57 67
67 88
67 97
73 86
59 73
73 74
73 76
73 99
44 73
55 73
66 73
50 73
36 73
5 73
70 73
73 89
73 100
42 73
73 75
22 73
73 93
28 73
10 73
72 73
31 73
26 73
73 84
73 79
43 73
65 73
13 73
64 73
27 73
41 73
15 73
45 73
73 82
21 73
73 77
53 73
73 91
73 85
57 73
73 88
4 73
86 98
59 98
51 98
44 98
55 98
16 98
61 98
70 98
89 98
98 100
42 98
23 98
24 98
28 98
10 98
72 98
11 98
26 98
84 98
79 98
2 98
14 98
12 98
43 98
65 98
64 98
62 98
1 98
21 98
53 98
57 98
88 98
97 98
59 86
68 86
38 86
74 86
76 86
86 99
35 86
55 86
5 86
86 89
54 86
42 86
23 86
29 86
86 93
72 86
31 86
11 86
32 86
12 86
64 86
27 86
34 86
41 86
19 86
78 86
15 86
1 86
82 86
53 86
85 86
57 86
86 88
4 86
59 68
51 59
59 74
59 76
59 99
17 59
55 59
16 59
59 66
36 59
5 59
59 70
59 80
54 59
42 59
22 59
29 59
10 59
31 59
11 59
59 79
2 59
18 59
59 65
59 64
27 59
59 62
15 59
1 59
8 59
59 82
21 59
59 91
25 59
59 88
4 59
38 68
51 68
68 74
68 76
68 99
35 68
55 68
16 68
61 68
66 68
36 68
5 68
68 70
68 80
42 68
22 68
29 68
68 93
68 94
28 68
68 72
31 68
32 68
12 68
65 68
13 68
64 68
27 68
41 68
45 68
68 82
21 68
53 68
68 85
57 68
25 68
20 68
68 88
4 68
38 51
38 76
38 61
5 38
38 80
38 75
22 38
29 38
38 93
38 94
38 72
31 38
26 38
18 38
32 38
38 41
19 38
1 38
38 82
21 38
6 38
38 77
38 91
38 57
25 38
20 38
38 88
4 38
38 97
51 74
17 51
35 51
16 51
51 61
51 70
42 51
23 51
51 75
29 51
51 93
10 51
51 72
31 51
51 79
2 51
14 51
13 51
51 62
19 51
15 51
45 51
51 82
21 51
6 51
51 77
51 85
51 57
25 51
51 88
74 76
74 99
17 74
55 74
36 74
5 74
70 74
74 80
54 74
42 74
23 74
24 74
74 75
29 74
74 93
74 94
10 74
72 74
31 74
74 79
14 74
18 74
12 74
65 74
34 74
41 74
19 74
15 74
1 74
8 74
45 74
21 74
74 77
57 74
74 88
76 99
17 76
44 76
16 76
50 76
5 76
70 76
54 76
23 76
76 93
76 94
10 76
72 76
76 79
2 76
14 76
32 76
12 76
43 76
64 76
27 76
34 76
19 76
76 78
15 76
1 76
8 76
45 76
53 76
76 88
4 76
76 97
35 99
44 99
55 99
16 99
66 99
70 99
80 99
54 99
42 99
24 99
29 99
93 99
28 99
10 99
72 99
26 99
2 99
14 99
18 99
43 99
34 99
62 99
19 99
78 99
15 99
1 99
8 99
45 99
21 99
6 99
53 99
85 99
25 99
17 55
16 17
17 36
17 70
17 54
17 100
17 42
17 23
17 22
17 93
17 94
17 72
17 26
17 79
17 18
17 43
13 17
17 64
17 34
17 41
17 62
17 82
17 21
17 53
17 91
17 20
17 88
4 17
17 97
35 44
35 55
16 35
35 50
35 36
35 70
35 89
35 80
35 54
23 35
35 75
22 35
29 35
35 93
35 94
28 35
10 35
11 35
26 35
14 35
18 35
12 35
35 43
35 64
27 35
15 35
1 35
35 45
35 85
35 57
20 35
16 44
44 61
44 80
44 54
44 100
23 44
24 44
44 75
44 93
44 94
2 44
18 44
44 65
44 64
15 44
1 44
8 44
44 82
21 44
6 44
44 77
44 53
44 91
25 44
44 88
44 97
55 61
55 66
36 55
5 55
55 80
42 55
23 55
22 55
29 55
10 55
55 72
11 55
55 84
2 55
18 55
32 55
12 55
55 65
13 55
41 55
55 62
55 78
15 55
1 55
45 55
55 82
53 55
55 91
25 55
55 97
16 66
16 50
5 16
16 80
16 54
16 100
16 42
16 23
16 24
16 29
16 93
11 16
16 84
2 16
16 65
16 64
16 41
16 62
16 19
16 78
8 16
16 45
16 82
16 21
16 53
16 25
16 88
4 16
50 61
61 70
61 80
54 61
23 61
61 75
61 94
10 61
31 61
18 61
12 61
61 65
13 61
34 61
61 62
19 61
61 78
8 61
45 61
61 82
21 61
6 61
61 85
50 66
5 66
66 70
66 80
54 66
66 100
23 66
24 66
66 75
29 66
66 93
10 66
11 66
26 66
2 66
43 66
45 66
21 66
6 66
53 66
66 91
66 85
66 88
66 97
5 50
50 100
22 50
50 93
10 50
50 72
2 50
14 50
18 50
43 50
15 50
8 50
21 50
50 53
50 91
50 85
50 88
4 50
5 36
36 80
36 42
36 75
22 36
36 93
36 94
36 72
11 36
36 84
2 36
12 36
36 43
36 65
36 64
27 36
34 36
36 78
1 36
8 36
36 45
36 82
21 36
6 36
36 77
36 91
36 85
25 36
36 97
5 70
5 80
5 54
5 100
5 42
5 23
5 24
5 93
5 94
5 72
5 31
5 32
5 12
5 64
5 27
5 41
5 19
5 78
1 5
5 82
5 21
5 6
5 91
5 20
4 5
70 89
70 80
54 70
42 70
24 70
70 75
29 70
70 94
28 70
10 70
31 70
11 70
26 70
70 84
43 70
13 70
64 70
15 70
1 70
8 70
45 70
70 82
21 70
6 70
53 70
70 85
25 70
20 70
70 88
4 70
70 97
80 89
89 100
42 89
23 89
75 89
22 89
72 89
26 89
79 89
14 89
32 89
12 89
43 89
65 89
64 89
27 89
34 89
15 89
6 89
53 89
57 89
25 89
20 89
88 89
4 89
24 80
75 80
28 80
72 80
2 80
12 80
43 80
65 80
34 80
19 80
78 80
1 80
45 80
80 82
21 80
6 80
25 80
20 80
80 88
4 80
80 97
54 100
23 54
24 54
22 54
54 93
54 94
28 54
31 54
54 79
32 54
12 54
54 65
13 54
27 54
54 78
15 54
1 54
54 82
53 54
54 57
25 54
20 54
54 88
4 54
54 97
23 100
24 100
93 100
72 100
26 100
84 100
2 100
14 100
32 100
65 100
13 100
41 100
45 100
21 100
6 100
77 100
53 100
25 100
4 100
23 42
24 42
42 75
22 42
42 94
42 72
31 42
11 42
12 42
42 64
42 62
15 42
8 42
21 42
6 42
42 57
42 88
4 42
42 97
23 29
23 93
23 94
10 23
23 31
23 84
23 79
2 23
12 23
23 65
23 64
23 27
23 41
19 23
23 78
8 23
23 45
23 82
6 23
23 77
23 53
23 91
23 85
23 57
23 25
20 23
23 97
22 24
24 93
24 28
10 24
24 31
24 26
24 79
14 24
18 24
24 32
12 24
24 65
24 64
24 41
24 62
19 24
15 24
8 24
24 45
21 24
24 53
24 91
24 57
4 24
22 75
75 93
75 94
28 75
10 75
72 75
31 75
26 75
75 84
75 79
2 75
14 75
18 75
32 75
65 75
27 75
41 75
62 75
19 75
15 75
1 75
8 75
75 82
75 77
75 91
75 85
25 75
20 75
4 75
75 97
22 29
22 28
11 22
22 43
22 65
22 27
22 34
22 62
19 22
15 22
8 22
22 45
22 82
6 22
22 53
22 57
20 22
22 88
22 97
29 93
29 94
28 29
10 29
29 72
11 29
26 29
29 84
14 29
18 29
29 32
12 29
29 43
29 65
13 29
29 64
27 29
29 62
29 78
15 29
29 45
29 82
21 29
29 77
29 53
29 91
29 57
25 29
20 29
93 94
10 93
31 93
11 93
84 93
79 93
2 93
18 93
32 93
43 93
65 93
13 93
27 93
34 93
41 93
62 93
19 93
78 93
8 93
45 93
82 93
53 93
57 93
20 93
4 93
93 97
28 94
10 94
31 94
11 94
26 94
14 94
32 94
12 94
65 94
64 94
34 94
19 94
15 94
8 94
21 94
6 94
91 94
85 94
20 94
88 94
94 97
10 28
28 72
28 31
11 28
28 79
2 28
12 28
28 43
27 28
19 28
28 78
15 28
8 28
28 45
21 28
28 53
28 88
28 97
10 72
10 31
10 84
10 79
2 10
10 14
10 18
10 43
10 65
10 13
10 64
10 41
10 78
10 15
10 91
10 57
10 20
10 97
31 72
18 72
32 72
12 72
43 72
65 72
64 72
27 72
34 72
41 72
72 78
15 72
1 72
8 72
72 82
53 72
72 85
4 72
2 31
14 31
18 31
31 65
31 64
27 31
31 34
31 41
19 31
8 31
21 31
6 31
31 53
31 91
31 57
20 31
31 88
4 31
11 79
11 32
11 64
11 27
11 41
11 62
11 78
1 11
11 45
11 82
11 77
11 57
4 11
11 97
26 84
26 79
26 32
26 43
26 65
19 26
26 78
1 26
26 45
26 82
21 26
26 77
26 53
26 91
20 26
4 26
14 84
18 84
12 84
43 84
65 84
13 84
27 84
19 84
1 84
45 84
6 84
77 84
84 85
57 84
25 84
20 84
2 79
18 79
65 79
13 79
64 79
78 79
45 79
21 79
79 91
57 79
20 79
79 97
2 14
2 12
2 13
2 64
2 27
2 34
2 41
2 62
2 19
1 2
2 21
2 77
2 85
2 25
2 4
14 18
14 32
14 65
13 14
14 64
14 27
14 34
14 62
14 78
8 14
14 82
14 21
14 77
14 91
14 85
14 88
4 14
18 32
18 65
13 18
18 27
18 62
18 78
1 18
8 18
18 21
18 77
18 57
18 25
18 20
4 18
12 32
32 64
32 78
15 32
1 32
32 45
21 32
6 32
32 91
25 32
20 32
12 43
12 65
12 41
12 62
12 45
12 77
12 53
12 91
12 85
12 57
12 25
12 20
12 88
43 65
13 43
43 64
27 43
34 43
41 43
15 43
8 43
43 45
21 43
43 77
43 91
43 85
20 43
13 65
64 65
27 65
34 65
62 65
65 78
15 65
1 65
8 65
45 65
65 77
53 65
25 65
20 65
13 64
13 34
13 62
13 19
13 78
13 15
1 13
8 13
13 45
13 82
13 21
6 13
13 77
13 53
13 91
13 85
4 13
13 97
27 64
62 64
19 64
15 64
64 82
6 64
64 77
64 85
25 64
4 64
64 97
27 34
27 41
19 27
27 78
1 27
27 45
27 77
27 53
27 91
27 57
25 27
27 97
34 41
19 34
15 34
1 34
8 34
21 34
6 34
34 77
34 91
34 85
34 57
34 88
34 97
19 41
41 78
15 41
8 41
21 41
41 91
41 85
41 57
20 41
4 41
19 62
1 62
6 62
53 62
62 91
62 85
62 88
62 97
19 78
8 19
19 82
19 77
19 53
19 91
19 85
19 25
19 20
19 88
19 97
1 78
45 78
78 82
21 78
53 78
78 91
78 85
20 78
78 88
78 97
8 15
15 45
15 82
15 77
15 57
15 25
15 88
4 15
15 97
1 8
1 45
1 6
1 77
1 53
1 85
1 20
1 88
1 4
8 45
8 82
6 8
8 77
8 85
8 57
8 25
8 20
4 8
8 97
45 82
21 45
45 77
45 91
45 97
21 82
6 82
82 91
82 85
25 82
20 82
82 88
82 97
21 53
21 85
21 88
4 21
6 85
6 57
6 25
6 97
77 91
57 77
25 77
20 77
77 88
53 91
53 85
4 53
53 97
25 91
4 91
91 97
20 85
85 97
57 88
4 57
57 97
25 97
20 97
88 97
4 97
