100 99
-1 -1
361 166
-1 -1
355 961
366 485
602 336
-1 -1
-1 -1
-1 -1
-1 -1
-1 -1
640 330
489 166
402 139
-1 -1
679 539
-1 -1
-1 -1
-1 -1
-1 -1
-1 -1
-1 -1
757 566
-1 -1
-1 -1
-1 -1
616 266
-1 -1
867 642
-1 -1
-1 -1
-1 -1
-1 -1
-1 -1
-1 -1
-1 -1
70 749
-1 -1
755 96
-1 -1
-1 -1
289 756
-1 -1
-1 -1
-1 -1
-1 -1
-1 -1
-1 -1
-1 -1
-1 -1
-1 -1
-1 -1
432 227
-1 -1
666 348
-1 -1
94 597
-1 -1
-1 -1
-1 -1
996 715
928 268
-1 -1
-1 -1
-1 -1
-1 -1
-1 -1
-1 -1
-1 -1
-1 -1
-1 -1
-1 -1
261 154
283 940
-1 -1
-1 -1
-1 -1
-1 -1
542 634
-1 -1
-1 -1
-1 -1
-1 -1
-1 -1
-1 -1
-1 -1
992 247
-1 -1
-1 -1
219 846
-1 -1
-1 -1
766 402
-1 -1
-1 -1
-1 -1
-1 -1
-1 -1
-1 -1
-1 -1
60 96
20 96
20 79
63 79
63 92
5 92
5 84
80 84
2 80
2 40
40 48
48 90
29 90
29 35
23 35
23 76
76 91
86 91
10 86
10 75
39 75
39 83
14 83
14 69
58 69
58 62
62 95
3 95
3 8
8 55
36 55
13 36
13 97
52 97
52 68
43 68
27 43
26 27
26 32
32 33
33 98
71 98
31 71
17 31
17 21
21 67
45 67
45 89
7 89
7 93
1 93
1 47
47 56
56 74
6 74
6 50
50 77
61 77
51 61
51 53
53 82
12 82
12 16
16 49
49 88
88 94
57 94
22 57
22 99
73 99
73 100
38 100
15 38
15 72
19 72
19 30
30 37
37 46
25 46
25 66
11 66
11 59
4 59
4 65
64 65
34 64
34 70
42 70
9 42
9 44
44 54
54 78
78 87
41 87
24 41
24 28
18 28
18 85
81 85
