100 99
-1 -1
-1 -1
221 348
-1 -1
-1 -1
359 141
982 64
-1 -1
113 297
-1 -1
147 419
-1 -1
-1 -1
118 26
211 332
274 897
-1 -1
694 392
-1 -1
-1 -1
-1 -1
-1 -1
378 854
174 420
-1 -1
99 576
435 529
-1 -1
-1 -1
-1 -1
941 533
-1 -1
776 857
-1 -1
355 682
865 562
326 660
878 519
474 824
-1 -1
163 19
-1 -1
-1 -1
-1 -1
-1 -1
98 916
0 626
-1 -1
-1 -1
-1 -1
-1 -1
381 787
-1 -1
560 779
-1 -1
991 376
637 139
517 116
-1 -1
497 449
279 695
-1 -1
-1 -1
-1 -1
684 119
-1 -1
-1 -1
-1 -1
648 387
-1 -1
-1 -1
-1 -1
146 985
-1 -1
328 778
886 787
247 183
131 914
-1 -1
94 38
-1 -1
595 900
282 63
208 128
-1 -1
-1 -1
246 632
-1 -1
251 82
-1 -1
150 875
-1 -1
22 230
-1 -1
684 321
134 797
665 763
397 869
8 406
-1 -1
48 91
37 48
22 48
48 60
48 62
9 48
48 74
21 48
48 93
1 48
48 66
35 48
18 48
48 71
48 55
48 52
48 96
32 48
48 78
48 73
48 65
48 61
48 83
29 48
13 48
5 48
48 58
39 48
30 48
48 81
48 80
48 70
24 48
48 50
48 97
48 87
46 48
48 85
48 59
44 48
48 69
36 48
40 48
12 48
48 79
48 63
48 89
38 48
48 49
33 48
2 48
16 48
10 48
23 48
48 67
48 53
48 77
17 48
48 51
34 48
47 48
27 48
48 90
15 48
48 92
31 48
48 64
48 57
26 48
48 76
45 48
4 48
48 54
48 82
28 48
48 68
48 99
7 48
48 84
41 48
48 72
19 48
20 48
42 48
48 95
6 48
48 86
48 88
48 100
48 98
14 48
48 94
48 56
48 75
43 48
11 48
3 48
8 48
25 48
