372.5000000000 522.0000000000
327.3333333333 372.3333333333
484.0000000000 322.0000000000
537.0000000000 367.0000000000
331.0000000000 104.0000000000
715.0000000000 886.0000000000
671.0000000000 432.0000000000
309.2500000000 278.5000000000
641.0000000000 634.0000000000
691.8000000000 295.8000000000
630.5000000000 376.5000000000
978.0000000000 111.0000000000
418.0000000000 176.0000000000
425.7500000000 307.5000000000
414.0000000000 183.0000000000
556.0000000000 541.0000000000
587.5000000000 714.0000000000
695.0000000000 810.0000000000
855.0000000000 93.0000000000
192.0000000000 170.0000000000
487.0000000000 771.0000000000
652.2000000000 547.2000000000
639.0000000000 631.0000000000
415.0000000000 579.3333333333
199.0000000000 698.0000000000
628.0000000000 873.0000000000
648.5000000000 167.5000000000
460.5000000000 371.0000000000
265.0000000000 426.0000000000
521.0000000000 226.0000000000
776.0000000000 109.0000000000
367.5000000000 293.0000000000
443.5000000000 322.5000000000
446.0000000000 107.0000000000
400.0000000000 203.0000000000
667.7500000000 294.2500000000
75.0000000000 777.0000000000
654.0000000000 395.0000000000
593.2500000000 458.7500000000
875.0000000000 36.0000000000
475.0000000000 406.5000000000
677.0000000000 758.5000000000
146.0000000000 765.0000000000
665.4000000000 463.4000000000
547.0000000000 28.0000000000
236.6666666667 568.6666666667
315.0000000000 800.0000000000
507.0000000000 559.0000000000
373.0000000000 363.0000000000
705.0000000000 212.0000000000
565.0000000000 732.6666666667
480.0000000000 618.0000000000
251.0000000000 264.0000000000
678.6000000000 379.6000000000
754.5000000000 244.0000000000
