100 99
-1 -1
867 722
-1 -1
-1 -1
-1 -1
-1 -1
264 815
-1 -1
11 395
-1 -1
-1 -1
-1 -1
-1 -1
804 924
-1 -1
418 964
-1 -1
-1 -1
-1 -1
-1 -1
93 768
-1 -1
-1 -1
-1 -1
-1 -1
-1 -1
282 88
-1 -1
-1 -1
824 519
-1 -1
46 746
-1 -1
-1 -1
-1 -1
-1 -1
-1 -1
-1 -1
-1 -1
-1 -1
-1 -1
29 947
156 264
835 804
780 569
244 547
-1 -1
-1 -1
-1 -1
-1 -1
-1 -1
-1 -1
-1 -1
-1 -1
-1 -1
-1 -1
-1 -1
-1 -1
-1 -1
-1 -1
591 706
-1 -1
-1 -1
-1 -1
-1 -1
-1 -1
429 82
-1 -1
750 830
-1 -1
-1 -1
-1 -1
-1 -1
-1 -1
-1 -1
-1 -1
-1 -1
-1 -1
-1 -1
821 558
-1 -1
-1 -1
-1 -1
-1 -1
867 92
705 836
-1 -1
-1 -1
-1 -1
-1 -1
-1 -1
106 415
-1 -1
-1 -1
159 339
677 179
-1 -1
72 787
26 337
-1 -1
14 25
25 37
25 91
25 54
25 48
25 52
25 64
25 45
5 25
16 25
25 33
25 34
6 25
25 87
25 100
25 94
13 25
25 36
25 47
25 88
25 90
4 25
25 49
9 25
18 25
25 59
3 25
25 55
25 35
25 50
25 60
25 95
2 25
25 32
23 25
15 25
12 25
1 25
25 30
25 43
25 44
25 71
10 25
25 72
25 75
25 73
25 86
25 74
25 69
25 67
11 25
25 97
25 63
25 84
25 42
25 39
22 25
25 93
25 46
25 80
20 25
19 25
25 83
25 79
24 25
25 57
25 98
25 51
25 81
21 25
25 26
25 96
25 28
25 82
25 78
25 53
25 99
25 68
25 40
25 38
17 25
25 56
25 70
25 92
8 25
25 76
25 65
25 77
25 31
25 89
25 85
25 58
25 61
25 41
25 62
25 66
7 25
25 29
25 27
