394.9800000000 501.8200000000
394.9800000000 501.8200000000
221.0000000000 348.0000000000
394.9800000000 501.8200000000
394.9800000000 501.8200000000
359.0000000000 141.0000000000
982.0000000000 64.0000000000
394.9800000000 501.8200000000
113.0000000000 297.0000000000
394.9800000000 501.8200000000
147.0000000000 419.0000000000
394.9800000000 501.8200000000
394.9800000000 501.8200000000
118.0000000000 26.0000000000
211.0000000000 332.0000000000
274.0000000000 897.0000000000
394.9800000000 501.8200000000
694.0000000000 392.0000000000
394.9800000000 501.8200000000
394.9800000000 501.8200000000
394.9800000000 501.8200000000
394.9800000000 501.8200000000
378.0000000000 854.0000000000
174.0000000000 420.0000000000
394.9800000000 501.8200000000
99.0000000000 576.0000000000
435.0000000000 529.0000000000
394.9800000000 501.8200000000
394.9800000000 501.8200000000
394.9800000000 501.8200000000
941.0000000000 533.0000000000
394.9800000000 501.8200000000
776.0000000000 857.0000000000
394.9800000000 501.8200000000
355.0000000000 682.0000000000
865.0000000000 562.0000000000
326.0000000000 660.0000000000
878.0000000000 519.0000000000
474.0000000000 824.0000000000
394.9800000000 501.8200000000
163.0000000000 19.0000000000
394.9800000000 501.8200000000
394.9800000000 501.8200000000
394.9800000000 501.8200000000
394.9800000000 501.8200000000
98.0000000000 916.0000000000
0.0000000000 626.0000000000
394.9800000000 501.8200000000
394.9800000000 501.8200000000
394.9800000000 501.8200000000
394.9800000000 501.8200000000
381.0000000000 787.0000000000
394.9800000000 501.8200000000
560.0000000000 779.0000000000
394.9800000000 501.8200000000
991.0000000000 376.0000000000
637.0000000000 139.0000000000
517.0000000000 116.0000000000
394.9800000000 501.8200000000
497.0000000000 449.0000000000
279.0000000000 695.0000000000
394.9800000000 501.8200000000
394.9800000000 501.8200000000
394.9800000000 501.8200000000
684.0000000000 119.0000000000
394.9800000000 501.8200000000
394.9800000000 501.8200000000
394.9800000000 501.8200000000
648.0000000000 387.0000000000
394.9800000000 501.8200000000
394.9800000000 501.8200000000
394.9800000000 501.8200000000
146.0000000000 985.0000000000
394.9800000000 501.8200000000
328.0000000000 778.0000000000
886.0000000000 787.0000000000
247.0000000000 183.0000000000
131.0000000000 914.0000000000
394.9800000000 501.8200000000
94.0000000000 38.0000000000
394.9800000000 501.8200000000
595.0000000000 900.0000000000
282.0000000000 63.0000000000
208.0000000000 128.0000000000
394.9800000000 501.8200000000
394.9800000000 501.8200000000
246.0000000000 632.0000000000
394.9800000000 501.8200000000
251.0000000000 82.0000000000
394.9800000000 501.8200000000
150.0000000000 875.0000000000
394.9800000000 501.8200000000
22.0000000000 230.0000000000
394.9800000000 501.8200000000
684.0000000000 321.0000000000
134.0000000000 797.0000000000
665.0000000000 763.0000000000
397.0000000000 869.0000000000
8.0000000000 406.0000000000
394.9800000000 501.8200000000
