55 54
-1 -1
-1 -1
-1 -1
-1 -1
-1 -1
202 734
-1 -1
856 815
798 215
306 464
953 967
874 982
433 434
254 582
-1 -1
-1 -1
-1 -1
895 288
-1 -1
-1 -1
330 37
759 90
-1 -1
677 530
-1 -1
-1 -1
236 223
-1 -1
624 974
600 36
-1 -1
-1 -1
-1 -1
820 586
-1 -1
657 293
-1 -1
570 277
703 297
252 654
-1 -1
421 860
443 857
285 795
706 606
-1 -1
-1 -1
587 406
-1 -1
615 845
773 913
-1 -1
-1 -1
397 99
-1 -1
5 47
5 13
5 37
33 47
36 47
46 47
6 47
17 47
33 40
33 41
33 42
33 43
15 33
25 33
33 44
36 38
12 36
13 20
8 13
7 46
21 46
35 46
38 50
7 19
7 10
21 28
21 27
21 49
22 40
9 20
20 23
11 20
3 41
28 45
16 22
2 19
9 26
9 24
9 52
32 42
31 32
29 52
30 31
1 43
14 23
27 34
8 51
8 54
15 53
18 37
14 48
14 39
4 6
18 55
