55 742
37 608
-1 -1
-1 -1
578 457
-1 -1
626 603
-1 -1
240 500
889 466
552 681
-1 -1
471 342
-1 -1
719 469
-1 -1
643 221
619 999
452 345
-1 -1
-1 -1
-1 -1
-1 -1
-1 -1
118 666
-1 -1
-1 -1
-1 -1
503 312
-1 -1
75 390
-1 -1
698 474
-1 -1
323 243
-1 -1
-1 -1
-1 -1
-1 -1
769 532
484 742
322 567
-1 -1
-1 -1
179 750
381 739
815 787
213 157
655 889
-1 -1
19 446
948 933
930 519
529 501
-1 -1
-1 -1
30 54
33 54
1 54
49 54
6 54
39 54
41 54
48 54
16 54
11 54
7 54
45 54
27 54
20 54
28 54
13 54
26 54
32 54
15 54
14 54
43 54
9 54
52 54
23 54
4 54
3 54
30 44
30 33
30 42
30 34
30 53
6 30
30 39
17 30
5 30
12 30
10 30
30 48
22 30
11 30
24 30
7 30
28 30
18 30
25 30
13 30
2 30
30 37
30 32
21 30
15 30
9 30
30 52
23 30
30 38
42 44
34 44
39 44
5 44
12 44
44 48
16 44
8 44
24 44
7 44
44 45
28 44
18 44
35 44
25 44
2 44
37 44
32 44
15 44
40 44
44 52
23 44
44 46
38 44
3 44
1 33
33 53
33 49
17 33
29 33
22 33
33 47
11 33
7 33
27 33
20 33
18 33
31 33
19 33
26 33
2 33
33 37
21 33
14 33
33 50
33 46
4 33
33 55
33 38
1 42
42 53
6 42
17 42
5 42
29 42
12 42
42 48
8 42
42 47
42 51
24 42
7 42
27 42
20 42
28 42
18 42
35 42
31 42
26 42
37 42
32 42
15 42
14 42
42 50
40 42
9 42
42 52
4 42
3 42
1 17
1 29
1 48
1 36
1 22
1 45
1 27
1 20
1 18
1 35
1 19
1 25
1 13
1 26
1 2
1 15
1 14
1 50
1 43
1 9
1 52
1 23
1 4
1 38
34 53
5 34
29 34
12 34
34 41
34 48
34 36
22 34
8 34
34 51
7 34
34 45
28 34
19 34
25 34
2 34
34 37
32 34
21 34
14 34
34 40
23 34
34 46
34 55
34 38
3 34
49 53
6 53
5 53
12 53
41 53
10 53
36 53
47 53
51 53
24 53
7 53
45 53
27 53
20 53
35 53
25 53
13 53
32 53
21 53
15 53
9 53
52 53
23 53
53 55
38 53
6 49
39 49
17 49
10 49
16 49
36 49
22 49
49 51
24 49
27 49
28 49
35 49
26 49
2 49
37 49
21 49
15 49
49 50
43 49
46 49
49 55
3 49
6 39
6 22
6 24
6 27
6 35
6 31
6 13
2 6
6 32
6 21
6 40
6 43
6 9
6 23
4 6
12 39
39 41
10 39
39 48
16 39
22 39
39 47
39 51
11 39
7 39
18 39
31 39
25 39
26 39
2 39
21 39
14 39
39 52
12 17
10 17
17 22
8 17
11 17
17 24
7 17
17 45
17 27
17 20
17 28
17 18
17 31
17 25
17 26
17 32
17 21
15 17
9 17
17 46
17 55
17 38
5 29
5 12
5 41
5 48
5 36
5 8
5 51
5 11
5 24
5 7
5 45
5 28
5 35
5 31
5 25
5 13
5 14
5 50
5 43
5 52
5 23
29 41
10 29
16 29
22 29
29 51
11 29
24 29
7 29
29 45
27 29
18 29
29 35
29 31
25 29
26 29
21 29
15 29
29 50
29 40
29 43
29 46
4 29
29 38
12 41
10 12
12 22
12 47
12 51
11 12
12 24
7 12
12 45
12 27
12 20
12 28
12 25
12 37
12 32
12 21
12 15
12 14
12 43
12 52
3 12
22 41
41 47
41 51
24 41
41 45
20 41
28 41
35 41
31 41
25 41
26 41
32 41
21 41
14 41
41 50
10 48
10 16
10 36
10 51
10 24
10 27
10 20
10 28
10 18
10 31
10 19
10 25
10 13
10 26
10 21
10 15
10 40
10 46
4 10
10 55
36 48
22 48
8 48
47 48
11 48
24 48
7 48
27 48
20 48
35 48
25 48
13 48
26 48
37 48
32 48
21 48
14 48
40 48
43 48
23 48
3 48
16 36
16 22
16 51
16 27
16 28
16 18
16 35
16 19
16 25
13 16
16 37
16 21
15 16
16 50
9 16
16 52
16 23
16 46
3 16
36 51
20 36
31 36
19 36
25 36
13 36
2 36
32 36
15 36
14 36
36 50
36 43
23 36
36 38
8 22
22 47
22 27
20 22
18 22
22 35
22 31
19 22
13 22
22 26
2 22
22 37
21 22
15 22
22 50
9 22
22 52
22 23
4 22
22 55
3 22
8 47
8 51
8 24
7 8
8 45
8 20
8 35
8 31
8 13
8 26
8 37
8 32
8 14
8 50
8 43
8 9
8 23
4 8
47 51
24 47
7 47
20 47
19 47
25 47
13 47
26 47
2 47
37 47
15 47
43 47
23 47
46 47
47 55
38 47
20 51
31 51
26 51
2 51
37 51
15 51
14 51
43 51
9 51
51 52
51 55
3 51
11 24
11 27
11 20
11 28
11 18
11 35
11 31
11 19
11 13
11 26
11 40
11 43
11 23
11 38
3 11
7 24
20 24
24 28
24 35
13 24
24 26
2 24
24 32
15 24
14 24
23 24
4 24
24 55
3 24
7 27
7 20
7 18
7 31
7 25
2 7
7 37
7 21
7 15
7 14
7 40
7 9
7 52
7 23
7 55
7 38
3 7
27 45
20 45
28 45
35 45
19 45
25 45
15 45
40 45
43 45
23 45
4 45
45 55
38 45
20 27
27 28
18 27
27 35
19 27
27 32
9 27
23 27
27 46
4 27
3 27
20 35
20 31
13 20
20 26
20 37
20 21
15 20
20 52
20 46
4 20
20 55
20 38
28 35
28 32
21 28
15 28
28 43
9 28
23 28
28 46
28 55
18 19
13 18
2 18
18 40
9 18
18 52
18 23
4 18
18 55
18 38
31 35
13 35
26 35
2 35
35 37
15 35
14 35
9 35
35 52
35 46
4 35
3 35
19 31
25 31
2 31
31 50
31 40
9 31
31 52
31 55
3 31
13 19
19 26
2 19
19 37
19 32
15 19
14 19
19 40
19 43
9 19
19 52
19 46
13 25
2 25
25 32
21 25
15 25
25 40
25 46
25 55
25 38
13 26
13 50
13 40
13 43
13 23
4 13
13 38
26 37
26 32
21 26
15 26
14 26
26 40
26 43
9 26
26 52
23 26
26 38
2 32
2 21
2 15
2 14
2 50
2 40
2 52
2 46
2 4
2 38
21 37
15 37
14 37
37 40
37 43
37 52
23 37
37 46
37 38
3 37
14 32
32 50
32 40
9 32
32 52
23 32
32 55
32 38
3 32
15 21
21 40
9 21
21 52
4 21
21 55
21 38
14 15
15 40
9 15
15 55
15 38
14 40
14 23
14 46
43 50
50 52
23 50
46 50
4 50
50 55
40 52
40 46
4 40
40 55
43 52
4 43
43 55
38 43
3 43
9 52
9 46
9 55
9 38
3 9
46 52
4 52
23 38
3 23
4 46
46 55
38 46
3 46
4 38
3 55
