100 4950
-1 -1
-1 -1
-1 -1
-1 -1
-1 -1
-1 -1
-1 -1
-1 -1
-1 -1
-1 -1
-1 -1
-1 -1
-1 -1
-1 -1
-1 -1
-1 -1
-1 -1
-1 -1
-1 -1
-1 -1
-1 -1
-1 -1
-1 -1
-1 -1
-1 -1
-1 -1
-1 -1
-1 -1
-1 -1
-1 -1
-1 -1
-1 -1
-1 -1
-1 -1
-1 -1
-1 -1
-1 -1
-1 -1
-1 -1
-1 -1
-1 -1
-1 -1
-1 -1
-1 -1
-1 -1
397 558
-1 -1
-1 -1
-1 -1
-1 -1
-1 -1
-1 -1
-1 -1
-1 -1
-1 -1
-1 -1
-1 -1
-1 -1
-1 -1
-1 -1
-1 -1
-1 -1
-1 -1
-1 -1
-1 -1
-1 -1
-1 -1
-1 -1
-1 -1
-1 -1
-1 -1
-1 -1
-1 -1
-1 -1
-1 -1
-1 -1
-1 -1
-1 -1
-1 -1
-1 -1
-1 -1
-1 -1
-1 -1
-1 -1
-1 -1
-1 -1
-1 -1
-1 -1
-1 -1
-1 -1
-1 -1
-1 -1
-1 -1
-1 -1
-1 -1
-1 -1
-1 -1
-1 -1
-1 -1
-1 -1
11 91
11 56
11 34
11 59
11 65
11 96
11 13
11 62
11 64
11 16
11 80
11 69
11 81
11 32
11 52
11 44
11 54
11 14
1 11
11 99
11 17
11 66
11 87
11 63
11 92
11 31
11 71
11 94
10 11
11 61
11 42
11 19
11 68
11 37
11 98
11 70
11 97
11 82
4 11
11 78
11 90
11 36
11 12
11 38
11 58
11 73
11 39
11 33
11 86
11 75
11 53
11 28
11 100
11 67
11 27
11 23
11 93
11 51
11 55
11 15
11 45
11 22
11 74
11 47
5 11
11 49
11 84
2 11
6 11
11 30
7 11
3 11
11 20
11 18
11 60
11 41
8 11
11 95
11 24
11 48
11 89
11 40
11 77
11 79
11 50
11 85
11 26
11 35
11 83
11 21
11 88
11 25
11 29
11 57
11 72
11 46
9 11
11 43
11 76
56 91
34 91
59 91
65 91
91 96
13 91
62 91
64 91
16 91
80 91
69 91
81 91
32 91
52 91
44 91
54 91
14 91
1 91
91 99
17 91
66 91
87 91
63 91
91 92
31 91
71 91
91 94
10 91
61 91
42 91
19 91
68 91
37 91
91 98
70 91
91 97
82 91
4 91
78 91
90 91
36 91
12 91
38 91
58 91
73 91
39 91
33 91
86 91
75 91
53 91
28 91
91 100
67 91
27 91
23 91
91 93
51 91
55 91
15 91
45 91
22 91
74 91
47 91
5 91
49 91
84 91
2 91
6 91
30 91
7 91
3 91
20 91
18 91
60 91
41 91
8 91
91 95
24 91
48 91
89 91
40 91
77 91
79 91
50 91
85 91
26 91
35 91
83 91
21 91
88 91
25 91
29 91
57 91
72 91
46 91
9 91
43 91
76 91
34 56
56 59
56 65
56 96
13 56
56 62
56 64
16 56
56 80
56 69
56 81
32 56
52 56
44 56
54 56
14 56
1 56
56 99
17 56
56 66
56 87
56 63
56 92
31 56
56 71
56 94
10 56
56 61
42 56
19 56
56 68
37 56
56 98
56 70
56 97
56 82
4 56
56 78
56 90
36 56
12 56
38 56
56 58
56 73
39 56
33 56
56 86
56 75
53 56
28 56
56 100
56 67
27 56
23 56
56 93
51 56
55 56
15 56
45 56
22 56
56 74
47 56
5 56
49 56
56 84
2 56
6 56
30 56
7 56
3 56
20 56
18 56
56 60
41 56
8 56
56 95
24 56
48 56
56 89
40 56
56 77
56 79
50 56
56 85
26 56
35 56
56 83
21 56
56 88
25 56
29 56
56 57
56 72
46 56
9 56
43 56
56 76
34 59
34 65
34 96
13 34
34 62
34 64
16 34
34 80
34 69
34 81
32 34
34 52
34 44
34 54
14 34
1 34
34 99
17 34
34 66
34 87
34 63
34 92
31 34
34 71
34 94
10 34
34 61
34 42
19 34
34 68
34 37
34 98
34 70
34 97
34 82
4 34
34 78
34 90
34 36
12 34
34 38
34 58
34 73
34 39
33 34
34 86
34 75
34 53
28 34
34 100
34 67
27 34
23 34
34 93
34 51
34 55
15 34
34 45
22 34
34 74
34 47
5 34
34 49
34 84
2 34
6 34
30 34
7 34
3 34
20 34
18 34
34 60
34 41
8 34
34 95
24 34
34 48
34 89
34 40
34 77
34 79
34 50
34 85
26 34
34 35
34 83
21 34
34 88
25 34
29 34
34 57
34 72
34 46
9 34
34 43
34 76
59 65
59 96
13 59
59 62
59 64
16 59
59 80
59 69
59 81
32 59
52 59
44 59
54 59
14 59
1 59
59 99
17 59
59 66
59 87
59 63
59 92
31 59
59 71
59 94
10 59
59 61
42 59
19 59
59 68
37 59
59 98
59 70
59 97
59 82
4 59
59 78
59 90
36 59
12 59
38 59
58 59
59 73
39 59
33 59
59 86
59 75
53 59
28 59
59 100
59 67
27 59
23 59
59 93
51 59
55 59
15 59
45 59
22 59
59 74
47 59
5 59
49 59
59 84
2 59
6 59
30 59
7 59
3 59
20 59
18 59
59 60
41 59
8 59
59 95
24 59
48 59
59 89
40 59
59 77
59 79
50 59
59 85
26 59
35 59
59 83
21 59
59 88
25 59
29 59
57 59
59 72
46 59
9 59
43 59
59 76
65 96
13 65
62 65
64 65
16 65
65 80
65 69
65 81
32 65
52 65
44 65
54 65
14 65
1 65
65 99
17 65
65 66
65 87
63 65
65 92
31 65
65 71
65 94
10 65
61 65
42 65
19 65
65 68
37 65
65 98
65 70
65 97
65 82
4 65
65 78
65 90
36 65
12 65
38 65
58 65
65 73
39 65
33 65
65 86
65 75
53 65
28 65
65 100
65 67
27 65
23 65
65 93
51 65
55 65
15 65
45 65
22 65
65 74
47 65
5 65
49 65
65 84
2 65
6 65
30 65
7 65
3 65
20 65
18 65
60 65
41 65
8 65
65 95
24 65
48 65
65 89
40 65
65 77
65 79
50 65
65 85
26 65
35 65
65 83
21 65
65 88
25 65
29 65
57 65
65 72
46 65
9 65
43 65
65 76
13 96
62 96
64 96
16 96
80 96
69 96
81 96
32 96
52 96
44 96
54 96
14 96
1 96
96 99
17 96
66 96
87 96
63 96
92 96
31 96
71 96
94 96
10 96
61 96
42 96
19 96
68 96
37 96
96 98
70 96
96 97
82 96
4 96
78 96
90 96
36 96
12 96
38 96
58 96
73 96
39 96
33 96
86 96
75 96
53 96
28 96
96 100
67 96
27 96
23 96
93 96
51 96
55 96
15 96
45 96
22 96
74 96
47 96
5 96
49 96
84 96
2 96
6 96
30 96
7 96
3 96
20 96
18 96
60 96
41 96
8 96
95 96
24 96
48 96
89 96
40 96
77 96
79 96
50 96
85 96
26 96
35 96
83 96
21 96
88 96
25 96
29 96
57 96
72 96
46 96
9 96
43 96
76 96
13 62
13 64
13 16
13 80
13 69
13 81
13 32
13 52
13 44
13 54
13 14
1 13
13 99
13 17
13 66
13 87
13 63
13 92
13 31
13 71
13 94
10 13
13 61
13 42
13 19
13 68
13 37
13 98
13 70
13 97
13 82
4 13
13 78
13 90
13 36
12 13
13 38
13 58
13 73
13 39
13 33
13 86
13 75
13 53
13 28
13 100
13 67
13 27
13 23
13 93
13 51
13 55
13 15
13 45
13 22
13 74
13 47
5 13
13 49
13 84
2 13
6 13
13 30
7 13
3 13
13 20
13 18
13 60
13 41
8 13
13 95
13 24
13 48
13 89
13 40
13 77
13 79
13 50
13 85
13 26
13 35
13 83
13 21
13 88
13 25
13 29
13 57
13 72
13 46
9 13
13 43
13 76
62 64
16 62
62 80
62 69
62 81
32 62
52 62
44 62
54 62
14 62
1 62
62 99
17 62
62 66
62 87
62 63
62 92
31 62
62 71
62 94
10 62
61 62
42 62
19 62
62 68
37 62
62 98
62 70
62 97
62 82
4 62
62 78
62 90
36 62
12 62
38 62
58 62
62 73
39 62
33 62
62 86
62 75
53 62
28 62
62 100
62 67
27 62
23 62
62 93
51 62
55 62
15 62
45 62
22 62
62 74
47 62
5 62
49 62
62 84
2 62
6 62
30 62
7 62
3 62
20 62
18 62
60 62
41 62
8 62
62 95
24 62
48 62
62 89
40 62
62 77
62 79
50 62
62 85
26 62
35 62
62 83
21 62
62 88
25 62
29 62
57 62
62 72
46 62
9 62
43 62
62 76
16 64
64 80
64 69
64 81
32 64
52 64
44 64
54 64
14 64
1 64
64 99
17 64
64 66
64 87
63 64
64 92
31 64
64 71
64 94
10 64
61 64
42 64
19 64
64 68
37 64
64 98
64 70
64 97
64 82
4 64
64 78
64 90
36 64
12 64
38 64
58 64
64 73
39 64
33 64
64 86
64 75
53 64
28 64
64 100
64 67
27 64
23 64
64 93
51 64
55 64
15 64
45 64
22 64
64 74
47 64
5 64
49 64
64 84
2 64
6 64
30 64
7 64
3 64
20 64
18 64
60 64
41 64
8 64
64 95
24 64
48 64
64 89
40 64
64 77
64 79
50 64
64 85
26 64
35 64
64 83
21 64
64 88
25 64
29 64
57 64
64 72
46 64
9 64
43 64
64 76
16 80
16 69
16 81
16 32
16 52
16 44
16 54
14 16
1 16
16 99
16 17
16 66
16 87
16 63
16 92
16 31
16 71
16 94
10 16
16 61
16 42
16 19
16 68
16 37
16 98
16 70
16 97
16 82
4 16
16 78
16 90
16 36
12 16
16 38
16 58
16 73
16 39
16 33
16 86
16 75
16 53
16 28
16 100
16 67
16 27
16 23
16 93
16 51
16 55
15 16
16 45
16 22
16 74
16 47
5 16
16 49
16 84
2 16
6 16
16 30
7 16
3 16
16 20
16 18
16 60
16 41
8 16
16 95
16 24
16 48
16 89
16 40
16 77
16 79
16 50
16 85
16 26
16 35
16 83
16 21
16 88
16 25
16 29
16 57
16 72
16 46
9 16
16 43
16 76
69 80
80 81
32 80
52 80
44 80
54 80
14 80
1 80
80 99
17 80
66 80
80 87
63 80
80 92
31 80
71 80
80 94
10 80
61 80
42 80
19 80
68 80
37 80
80 98
70 80
80 97
80 82
4 80
78 80
80 90
36 80
12 80
38 80
58 80
73 80
39 80
33 80
80 86
75 80
53 80
28 80
80 100
67 80
27 80
23 80
80 93
51 80
55 80
15 80
45 80
22 80
74 80
47 80
5 80
49 80
80 84
2 80
6 80
30 80
7 80
3 80
20 80
18 80
60 80
41 80
8 80
80 95
24 80
48 80
80 89
40 80
77 80
79 80
50 80
80 85
26 80
35 80
80 83
21 80
80 88
25 80
29 80
57 80
72 80
46 80
9 80
43 80
76 80
69 81
32 69
52 69
44 69
54 69
14 69
1 69
69 99
17 69
66 69
69 87
63 69
69 92
31 69
69 71
69 94
10 69
61 69
42 69
19 69
68 69
37 69
69 98
69 70
69 97
69 82
4 69
69 78
69 90
36 69
12 69
38 69
58 69
69 73
39 69
33 69
69 86
69 75
53 69
28 69
69 100
67 69
27 69
23 69
69 93
51 69
55 69
15 69
45 69
22 69
69 74
47 69
5 69
49 69
69 84
2 69
6 69
30 69
7 69
3 69
20 69
18 69
60 69
41 69
8 69
69 95
24 69
48 69
69 89
40 69
69 77
69 79
50 69
69 85
26 69
35 69
69 83
21 69
69 88
25 69
29 69
57 69
69 72
46 69
9 69
43 69
69 76
32 81
52 81
44 81
54 81
14 81
1 81
81 99
17 81
66 81
81 87
63 81
81 92
31 81
71 81
81 94
10 81
61 81
42 81
19 81
68 81
37 81
81 98
70 81
81 97
81 82
4 81
78 81
81 90
36 81
12 81
38 81
58 81
73 81
39 81
33 81
81 86
75 81
53 81
28 81
81 100
67 81
27 81
23 81
81 93
51 81
55 81
15 81
45 81
22 81
74 81
47 81
5 81
49 81
81 84
2 81
6 81
30 81
7 81
3 81
20 81
18 81
60 81
41 81
8 81
81 95
24 81
48 81
81 89
40 81
77 81
79 81
50 81
81 85
26 81
35 81
81 83
21 81
81 88
25 81
29 81
57 81
72 81
46 81
9 81
43 81
76 81
32 52
32 44
32 54
14 32
1 32
32 99
17 32
32 66
32 87
32 63
32 92
31 32
32 71
32 94
10 32
32 61
32 42
19 32
32 68
32 37
32 98
32 70
32 97
32 82
4 32
32 78
32 90
32 36
12 32
32 38
32 58
32 73
32 39
32 33
32 86
32 75
32 53
28 32
32 100
32 67
27 32
23 32
32 93
32 51
32 55
15 32
32 45
22 32
32 74
32 47
5 32
32 49
32 84
2 32
6 32
30 32
7 32
3 32
20 32
18 32
32 60
32 41
8 32
32 95
24 32
32 48
32 89
32 40
32 77
32 79
32 50
32 85
26 32
32 35
32 83
21 32
32 88
25 32
29 32
32 57
32 72
32 46
9 32
32 43
32 76
44 52
52 54
14 52
1 52
52 99
17 52
52 66
52 87
52 63
52 92
31 52
52 71
52 94
10 52
52 61
42 52
19 52
52 68
37 52
52 98
52 70
52 97
52 82
4 52
52 78
52 90
36 52
12 52
38 52
52 58
52 73
39 52
33 52
52 86
52 75
52 53
28 52
52 100
52 67
27 52
23 52
52 93
51 52
52 55
15 52
45 52
22 52
52 74
47 52
5 52
49 52
52 84
2 52
6 52
30 52
7 52
3 52
20 52
18 52
52 60
41 52
8 52
52 95
24 52
48 52
52 89
40 52
52 77
52 79
50 52
52 85
26 52
35 52
52 83
21 52
52 88
25 52
29 52
52 57
52 72
46 52
9 52
43 52
52 76
44 54
14 44
1 44
44 99
17 44
44 66
44 87
44 63
44 92
31 44
44 71
44 94
10 44
44 61
42 44
19 44
44 68
37 44
44 98
44 70
44 97
44 82
4 44
44 78
44 90
36 44
12 44
38 44
44 58
44 73
39 44
33 44
44 86
44 75
44 53
28 44
44 100
44 67
27 44
23 44
44 93
44 51
44 55
15 44
44 45
22 44
44 74
44 47
5 44
44 49
44 84
2 44
6 44
30 44
7 44
3 44
20 44
18 44
44 60
41 44
8 44
44 95
24 44
44 48
44 89
40 44
44 77
44 79
44 50
44 85
26 44
35 44
44 83
21 44
44 88
25 44
29 44
44 57
44 72
44 46
9 44
43 44
44 76
14 54
1 54
54 99
17 54
54 66
54 87
54 63
54 92
31 54
54 71
54 94
10 54
54 61
42 54
19 54
54 68
37 54
54 98
54 70
54 97
54 82
4 54
54 78
54 90
36 54
12 54
38 54
54 58
54 73
39 54
33 54
54 86
54 75
53 54
28 54
54 100
54 67
27 54
23 54
54 93
51 54
54 55
15 54
45 54
22 54
54 74
47 54
5 54
49 54
54 84
2 54
6 54
30 54
7 54
3 54
20 54
18 54
54 60
41 54
8 54
54 95
24 54
48 54
54 89
40 54
54 77
54 79
50 54
54 85
26 54
35 54
54 83
21 54
54 88
25 54
29 54
54 57
54 72
46 54
9 54
43 54
54 76
1 14
14 99
14 17
14 66
14 87
14 63
14 92
14 31
14 71
14 94
10 14
14 61
14 42
14 19
14 68
14 37
14 98
14 70
14 97
14 82
4 14
14 78
14 90
14 36
12 14
14 38
14 58
14 73
14 39
14 33
14 86
14 75
14 53
14 28
14 100
14 67
14 27
14 23
14 93
14 51
14 55
14 15
14 45
14 22
14 74
14 47
5 14
14 49
14 84
2 14
6 14
14 30
7 14
3 14
14 20
14 18
14 60
14 41
8 14
14 95
14 24
14 48
14 89
14 40
14 77
14 79
14 50
14 85
14 26
14 35
14 83
14 21
14 88
14 25
14 29
14 57
14 72
14 46
9 14
14 43
14 76
1 99
1 17
1 66
1 87
1 63
1 92
1 31
1 71
1 94
1 10
1 61
1 42
1 19
1 68
1 37
1 98
1 70
1 97
1 82
1 4
1 78
1 90
1 36
1 12
1 38
1 58
1 73
1 39
1 33
1 86
1 75
1 53
1 28
1 100
1 67
1 27
1 23
1 93
1 51
1 55
1 15
1 45
1 22
1 74
1 47
1 5
1 49
1 84
1 2
1 6
1 30
1 7
1 3
1 20
1 18
1 60
1 41
1 8
1 95
1 24
1 48
1 89
1 40
1 77
1 79
1 50
1 85
1 26
1 35
1 83
1 21
1 88
1 25
1 29
1 57
1 72
1 46
1 9
1 43
1 76
17 99
66 99
87 99
63 99
92 99
31 99
71 99
94 99
10 99
61 99
42 99
19 99
68 99
37 99
98 99
70 99
97 99
82 99
4 99
78 99
90 99
36 99
12 99
38 99
58 99
73 99
39 99
33 99
86 99
75 99
53 99
28 99
99 100
67 99
27 99
23 99
93 99
51 99
55 99
15 99
45 99
22 99
74 99
47 99
5 99
49 99
84 99
2 99
6 99
30 99
7 99
3 99
20 99
18 99
60 99
41 99
8 99
95 99
24 99
48 99
89 99
40 99
77 99
79 99
50 99
85 99
26 99
35 99
83 99
21 99
88 99
25 99
29 99
57 99
72 99
46 99
9 99
43 99
76 99
17 66
17 87
17 63
17 92
17 31
17 71
17 94
10 17
17 61
17 42
17 19
17 68
17 37
17 98
17 70
17 97
17 82
4 17
17 78
17 90
17 36
12 17
17 38
17 58
17 73
17 39
17 33
17 86
17 75
17 53
17 28
17 100
17 67
17 27
17 23
17 93
17 51
17 55
15 17
17 45
17 22
17 74
17 47
5 17
17 49
17 84
2 17
6 17
17 30
7 17
3 17
17 20
17 18
17 60
17 41
8 17
17 95
17 24
17 48
17 89
17 40
17 77
17 79
17 50
17 85
17 26
17 35
17 83
17 21
17 88
17 25
17 29
17 57
17 72
17 46
9 17
17 43
17 76
66 87
63 66
66 92
31 66
66 71
66 94
10 66
61 66
42 66
19 66
66 68
37 66
66 98
66 70
66 97
66 82
4 66
66 78
66 90
36 66
12 66
38 66
58 66
66 73
39 66
33 66
66 86
66 75
53 66
28 66
66 100
66 67
27 66
23 66
66 93
51 66
55 66
15 66
45 66
22 66
66 74
47 66
5 66
49 66
66 84
2 66
6 66
30 66
7 66
3 66
20 66
18 66
60 66
41 66
8 66
66 95
24 66
48 66
66 89
40 66
66 77
66 79
50 66
66 85
26 66
35 66
66 83
21 66
66 88
25 66
29 66
57 66
66 72
46 66
9 66
43 66
66 76
63 87
87 92
31 87
71 87
87 94
10 87
61 87
42 87
19 87
68 87
37 87
87 98
70 87
87 97
82 87
4 87
78 87
87 90
36 87
12 87
38 87
58 87
73 87
39 87
33 87
86 87
75 87
53 87
28 87
87 100
67 87
27 87
23 87
87 93
51 87
55 87
15 87
45 87
22 87
74 87
47 87
5 87
49 87
84 87
2 87
6 87
30 87
7 87
3 87
20 87
18 87
60 87
41 87
8 87
87 95
24 87
48 87
87 89
40 87
77 87
79 87
50 87
85 87
26 87
35 87
83 87
21 87
87 88
25 87
29 87
57 87
72 87
46 87
9 87
43 87
76 87
63 92
31 63
63 71
63 94
10 63
61 63
42 63
19 63
63 68
37 63
63 98
63 70
63 97
63 82
4 63
63 78
63 90
36 63
12 63
38 63
58 63
63 73
39 63
33 63
63 86
63 75
53 63
28 63
63 100
63 67
27 63
23 63
63 93
51 63
55 63
15 63
45 63
22 63
63 74
47 63
5 63
49 63
63 84
2 63
6 63
30 63
7 63
3 63
20 63
18 63
60 63
41 63
8 63
63 95
24 63
48 63
63 89
40 63
63 77
63 79
50 63
63 85
26 63
35 63
63 83
21 63
63 88
25 63
29 63
57 63
63 72
46 63
9 63
43 63
63 76
31 92
71 92
92 94
10 92
61 92
42 92
19 92
68 92
37 92
92 98
70 92
92 97
82 92
4 92
78 92
90 92
36 92
12 92
38 92
58 92
73 92
39 92
33 92
86 92
75 92
53 92
28 92
92 100
67 92
27 92
23 92
92 93
51 92
55 92
15 92
45 92
22 92
74 92
47 92
5 92
49 92
84 92
2 92
6 92
30 92
7 92
3 92
20 92
18 92
60 92
41 92
8 92
92 95
24 92
48 92
89 92
40 92
77 92
79 92
50 92
85 92
26 92
35 92
83 92
21 92
88 92
25 92
29 92
57 92
72 92
46 92
9 92
43 92
76 92
31 71
31 94
10 31
31 61
31 42
19 31
31 68
31 37
31 98
31 70
31 97
31 82
4 31
31 78
31 90
31 36
12 31
31 38
31 58
31 73
31 39
31 33
31 86
31 75
31 53
28 31
31 100
31 67
27 31
23 31
31 93
31 51
31 55
15 31
31 45
22 31
31 74
31 47
5 31
31 49
31 84
2 31
6 31
30 31
7 31
3 31
20 31
18 31
31 60
31 41
8 31
31 95
24 31
31 48
31 89
31 40
31 77
31 79
31 50
31 85
26 31
31 35
31 83
21 31
31 88
25 31
29 31
31 57
31 72
31 46
9 31
31 43
31 76
71 94
10 71
61 71
42 71
19 71
68 71
37 71
71 98
70 71
71 97
71 82
4 71
71 78
71 90
36 71
12 71
38 71
58 71
71 73
39 71
33 71
71 86
71 75
53 71
28 71
71 100
67 71
27 71
23 71
71 93
51 71
55 71
15 71
45 71
22 71
71 74
47 71
5 71
49 71
71 84
2 71
6 71
30 71
7 71
3 71
20 71
18 71
60 71
41 71
8 71
71 95
24 71
48 71
71 89
40 71
71 77
71 79
50 71
71 85
26 71
35 71
71 83
21 71
71 88
25 71
29 71
57 71
71 72
46 71
9 71
43 71
71 76
10 94
61 94
42 94
19 94
68 94
37 94
94 98
70 94
94 97
82 94
4 94
78 94
90 94
36 94
12 94
38 94
58 94
73 94
39 94
33 94
86 94
75 94
53 94
28 94
94 100
67 94
27 94
23 94
93 94
51 94
55 94
15 94
45 94
22 94
74 94
47 94
5 94
49 94
84 94
2 94
6 94
30 94
7 94
3 94
20 94
18 94
60 94
41 94
8 94
94 95
24 94
48 94
89 94
40 94
77 94
79 94
50 94
85 94
26 94
35 94
83 94
21 94
88 94
25 94
29 94
57 94
72 94
46 94
9 94
43 94
76 94
10 61
10 42
10 19
10 68
10 37
10 98
10 70
10 97
10 82
4 10
10 78
10 90
10 36
10 12
10 38
10 58
10 73
10 39
10 33
10 86
10 75
10 53
10 28
10 100
10 67
10 27
10 23
10 93
10 51
10 55
10 15
10 45
10 22
10 74
10 47
5 10
10 49
10 84
2 10
6 10
10 30
7 10
3 10
10 20
10 18
10 60
10 41
8 10
10 95
10 24
10 48
10 89
10 40
10 77
10 79
10 50
10 85
10 26
10 35
10 83
10 21
10 88
10 25
10 29
10 57
10 72
10 46
9 10
10 43
10 76
42 61
19 61
61 68
37 61
61 98
61 70
61 97
61 82
4 61
61 78
61 90
36 61
12 61
38 61
58 61
61 73
39 61
33 61
61 86
61 75
53 61
28 61
61 100
61 67
27 61
23 61
61 93
51 61
55 61
15 61
45 61
22 61
61 74
47 61
5 61
49 61
61 84
2 61
6 61
30 61
7 61
3 61
20 61
18 61
60 61
41 61
8 61
61 95
24 61
48 61
61 89
40 61
61 77
61 79
50 61
61 85
26 61
35 61
61 83
21 61
61 88
25 61
29 61
57 61
61 72
46 61
9 61
43 61
61 76
19 42
42 68
37 42
42 98
42 70
42 97
42 82
4 42
42 78
42 90
36 42
12 42
38 42
42 58
42 73
39 42
33 42
42 86
42 75
42 53
28 42
42 100
42 67
27 42
23 42
42 93
42 51
42 55
15 42
42 45
22 42
42 74
42 47
5 42
42 49
42 84
2 42
6 42
30 42
7 42
3 42
20 42
18 42
42 60
41 42
8 42
42 95
24 42
42 48
42 89
40 42
42 77
42 79
42 50
42 85
26 42
35 42
42 83
21 42
42 88
25 42
29 42
42 57
42 72
42 46
9 42
42 43
42 76
19 68
19 37
19 98
19 70
19 97
19 82
4 19
19 78
19 90
19 36
12 19
19 38
19 58
19 73
19 39
19 33
19 86
19 75
19 53
19 28
19 100
19 67
19 27
19 23
19 93
19 51
19 55
15 19
19 45
19 22
19 74
19 47
5 19
19 49
19 84
2 19
6 19
19 30
7 19
3 19
19 20
18 19
19 60
19 41
8 19
19 95
19 24
19 48
19 89
19 40
19 77
19 79
19 50
19 85
19 26
19 35
19 83
19 21
19 88
19 25
19 29
19 57
19 72
19 46
9 19
19 43
19 76
37 68
68 98
68 70
68 97
68 82
4 68
68 78
68 90
36 68
12 68
38 68
58 68
68 73
39 68
33 68
68 86
68 75
53 68
28 68
68 100
67 68
27 68
23 68
68 93
51 68
55 68
15 68
45 68
22 68
68 74
47 68
5 68
49 68
68 84
2 68
6 68
30 68
7 68
3 68
20 68
18 68
60 68
41 68
8 68
68 95
24 68
48 68
68 89
40 68
68 77
68 79
50 68
68 85
26 68
35 68
68 83
21 68
68 88
25 68
29 68
57 68
68 72
46 68
9 68
43 68
68 76
37 98
37 70
37 97
37 82
4 37
37 78
37 90
36 37
12 37
37 38
37 58
37 73
37 39
33 37
37 86
37 75
37 53
28 37
37 100
37 67
27 37
23 37
37 93
37 51
37 55
15 37
37 45
22 37
37 74
37 47
5 37
37 49
37 84
2 37
6 37
30 37
7 37
3 37
20 37
18 37
37 60
37 41
8 37
37 95
24 37
37 48
37 89
37 40
37 77
37 79
37 50
37 85
26 37
35 37
37 83
21 37
37 88
25 37
29 37
37 57
37 72
37 46
9 37
37 43
37 76
70 98
97 98
82 98
4 98
78 98
90 98
36 98
12 98
38 98
58 98
73 98
39 98
33 98
86 98
75 98
53 98
28 98
98 100
67 98
27 98
23 98
93 98
51 98
55 98
15 98
45 98
22 98
74 98
47 98
5 98
49 98
84 98
2 98
6 98
30 98
7 98
3 98
20 98
18 98
60 98
41 98
8 98
95 98
24 98
48 98
89 98
40 98
77 98
79 98
50 98
85 98
26 98
35 98
83 98
21 98
88 98
25 98
29 98
57 98
72 98
46 98
9 98
43 98
76 98
70 97
70 82
4 70
70 78
70 90
36 70
12 70
38 70
58 70
70 73
39 70
33 70
70 86
70 75
53 70
28 70
70 100
67 70
27 70
23 70
70 93
51 70
55 70
15 70
45 70
22 70
70 74
47 70
5 70
49 70
70 84
2 70
6 70
30 70
7 70
3 70
20 70
18 70
60 70
41 70
8 70
70 95
24 70
48 70
70 89
40 70
70 77
70 79
50 70
70 85
26 70
35 70
70 83
21 70
70 88
25 70
29 70
57 70
70 72
46 70
9 70
43 70
70 76
82 97
4 97
78 97
90 97
36 97
12 97
38 97
58 97
73 97
39 97
33 97
86 97
75 97
53 97
28 97
97 100
67 97
27 97
23 97
93 97
51 97
55 97
15 97
45 97
22 97
74 97
47 97
5 97
49 97
84 97
2 97
6 97
30 97
7 97
3 97
20 97
18 97
60 97
41 97
8 97
95 97
24 97
48 97
89 97
40 97
77 97
79 97
50 97
85 97
26 97
35 97
83 97
21 97
88 97
25 97
29 97
57 97
72 97
46 97
9 97
43 97
76 97
4 82
78 82
82 90
36 82
12 82
38 82
58 82
73 82
39 82
33 82
82 86
75 82
53 82
28 82
82 100
67 82
27 82
23 82
82 93
51 82
55 82
15 82
45 82
22 82
74 82
47 82
5 82
49 82
82 84
2 82
6 82
30 82
7 82
3 82
20 82
18 82
60 82
41 82
8 82
82 95
24 82
48 82
82 89
40 82
77 82
79 82
50 82
82 85
26 82
35 82
82 83
21 82
82 88
25 82
29 82
57 82
72 82
46 82
9 82
43 82
76 82
4 78
4 90
4 36
4 12
4 38
4 58
4 73
4 39
4 33
4 86
4 75
4 53
4 28
4 100
4 67
4 27
4 23
4 93
4 51
4 55
4 15
4 45
4 22
4 74
4 47
4 5
4 49
4 84
2 4
4 6
4 30
4 7
3 4
4 20
4 18
4 60
4 41
4 8
4 95
4 24
4 48
4 89
4 40
4 77
4 79
4 50
4 85
4 26
4 35
4 83
4 21
4 88
4 25
4 29
4 57
4 72
4 46
4 9
4 43
4 76
78 90
36 78
12 78
38 78
58 78
73 78
39 78
33 78
78 86
75 78
53 78
28 78
78 100
67 78
27 78
23 78
78 93
51 78
55 78
15 78
45 78
22 78
74 78
47 78
5 78
49 78
78 84
2 78
6 78
30 78
7 78
3 78
20 78
18 78
60 78
41 78
8 78
78 95
24 78
48 78
78 89
40 78
77 78
78 79
50 78
78 85
26 78
35 78
78 83
21 78
78 88
25 78
29 78
57 78
72 78
46 78
9 78
43 78
76 78
36 90
12 90
38 90
58 90
73 90
39 90
33 90
86 90
75 90
53 90
28 90
90 100
67 90
27 90
23 90
90 93
51 90
55 90
15 90
45 90
22 90
74 90
47 90
5 90
49 90
84 90
2 90
6 90
30 90
7 90
3 90
20 90
18 90
60 90
41 90
8 90
90 95
24 90
48 90
89 90
40 90
77 90
79 90
50 90
85 90
26 90
35 90
83 90
21 90
88 90
25 90
29 90
57 90
72 90
46 90
9 90
43 90
76 90
12 36
36 38
36 58
36 73
36 39
33 36
36 86
36 75
36 53
28 36
36 100
36 67
27 36
23 36
36 93
36 51
36 55
15 36
36 45
22 36
36 74
36 47
5 36
36 49
36 84
2 36
6 36
30 36
7 36
3 36
20 36
18 36
36 60
36 41
8 36
36 95
24 36
36 48
36 89
36 40
36 77
36 79
36 50
36 85
26 36
35 36
36 83
21 36
36 88
25 36
29 36
36 57
36 72
36 46
9 36
36 43
36 76
12 38
12 58
12 73
12 39
12 33
12 86
12 75
12 53
12 28
12 100
12 67
12 27
12 23
12 93
12 51
12 55
12 15
12 45
12 22
12 74
12 47
5 12
12 49
12 84
2 12
6 12
12 30
7 12
3 12
12 20
12 18
12 60
12 41
8 12
12 95
12 24
12 48
12 89
12 40
12 77
12 79
12 50
12 85
12 26
12 35
12 83
12 21
12 88
12 25
12 29
12 57
12 72
12 46
9 12
12 43
12 76
38 58
38 73
38 39
33 38
38 86
38 75
38 53
28 38
38 100
38 67
27 38
23 38
38 93
38 51
38 55
15 38
38 45
22 38
38 74
38 47
5 38
38 49
38 84
2 38
6 38
30 38
7 38
3 38
20 38
18 38
38 60
38 41
8 38
38 95
24 38
38 48
38 89
38 40
38 77
38 79
38 50
38 85
26 38
35 38
38 83
21 38
38 88
25 38
29 38
38 57
38 72
38 46
9 38
38 43
38 76
58 73
39 58
33 58
58 86
58 75
53 58
28 58
58 100
58 67
27 58
23 58
58 93
51 58
55 58
15 58
45 58
22 58
58 74
47 58
5 58
49 58
58 84
2 58
6 58
30 58
7 58
3 58
20 58
18 58
58 60
41 58
8 58
58 95
24 58
48 58
58 89
40 58
58 77
58 79
50 58
58 85
26 58
35 58
58 83
21 58
58 88
25 58
29 58
57 58
58 72
46 58
9 58
43 58
58 76
39 73
33 73
73 86
73 75
53 73
28 73
73 100
67 73
27 73
23 73
73 93
51 73
55 73
15 73
45 73
22 73
73 74
47 73
5 73
49 73
73 84
2 73
6 73
30 73
7 73
3 73
20 73
18 73
60 73
41 73
8 73
73 95
24 73
48 73
73 89
40 73
73 77
73 79
50 73
73 85
26 73
35 73
73 83
21 73
73 88
25 73
29 73
57 73
72 73
46 73
9 73
43 73
73 76
33 39
39 86
39 75
39 53
28 39
39 100
39 67
27 39
23 39
39 93
39 51
39 55
15 39
39 45
22 39
39 74
39 47
5 39
39 49
39 84
2 39
6 39
30 39
7 39
3 39
20 39
18 39
39 60
39 41
8 39
39 95
24 39
39 48
39 89
39 40
39 77
39 79
39 50
39 85
26 39
35 39
39 83
21 39
39 88
25 39
29 39
39 57
39 72
39 46
9 39
39 43
39 76
33 86
33 75
33 53
28 33
33 100
33 67
27 33
23 33
33 93
33 51
33 55
15 33
33 45
22 33
33 74
33 47
5 33
33 49
33 84
2 33
6 33
30 33
7 33
3 33
20 33
18 33
33 60
33 41
8 33
33 95
24 33
33 48
33 89
33 40
33 77
33 79
33 50
33 85
26 33
33 35
33 83
21 33
33 88
25 33
29 33
33 57
33 72
33 46
9 33
33 43
33 76
75 86
53 86
28 86
86 100
67 86
27 86
23 86
86 93
51 86
55 86
15 86
45 86
22 86
74 86
47 86
5 86
49 86
84 86
2 86
6 86
30 86
7 86
3 86
20 86
18 86
60 86
41 86
8 86
86 95
24 86
48 86
86 89
40 86
77 86
79 86
50 86
85 86
26 86
35 86
83 86
21 86
86 88
25 86
29 86
57 86
72 86
46 86
9 86
43 86
76 86
53 75
28 75
75 100
67 75
27 75
23 75
75 93
51 75
55 75
15 75
45 75
22 75
74 75
47 75
5 75
49 75
75 84
2 75
6 75
30 75
7 75
3 75
20 75
18 75
60 75
41 75
8 75
75 95
24 75
48 75
75 89
40 75
75 77
75 79
50 75
75 85
26 75
35 75
75 83
21 75
75 88
25 75
29 75
57 75
72 75
46 75
9 75
43 75
75 76
28 53
53 100
53 67
27 53
23 53
53 93
51 53
53 55
15 53
45 53
22 53
53 74
47 53
5 53
49 53
53 84
2 53
6 53
30 53
7 53
3 53
20 53
18 53
53 60
41 53
8 53
53 95
24 53
48 53
53 89
40 53
53 77
53 79
50 53
53 85
26 53
35 53
53 83
21 53
53 88
25 53
29 53
53 57
53 72
46 53
9 53
43 53
53 76
28 100
28 67
27 28
23 28
28 93
28 51
28 55
15 28
28 45
22 28
28 74
28 47
5 28
28 49
28 84
2 28
6 28
28 30
7 28
3 28
20 28
18 28
28 60
28 41
8 28
28 95
24 28
28 48
28 89
28 40
28 77
28 79
28 50
28 85
26 28
28 35
28 83
21 28
28 88
25 28
28 29
28 57
28 72
28 46
9 28
28 43
28 76
67 100
27 100
23 100
93 100
51 100
55 100
15 100
45 100
22 100
74 100
47 100
5 100
49 100
84 100
2 100
6 100
30 100
7 100
3 100
20 100
18 100
60 100
41 100
8 100
95 100
24 100
48 100
89 100
40 100
77 100
79 100
50 100
85 100
26 100
35 100
83 100
21 100
88 100
25 100
29 100
57 100
72 100
46 100
9 100
43 100
76 100
27 67
23 67
67 93
51 67
55 67
15 67
45 67
22 67
67 74
47 67
5 67
49 67
67 84
2 67
6 67
30 67
7 67
3 67
20 67
18 67
60 67
41 67
8 67
67 95
24 67
48 67
67 89
40 67
67 77
67 79
50 67
67 85
26 67
35 67
67 83
21 67
67 88
25 67
29 67
57 67
67 72
46 67
9 67
43 67
67 76
23 27
27 93
27 51
27 55
15 27
27 45
22 27
27 74
27 47
5 27
27 49
27 84
2 27
6 27
27 30
7 27
3 27
20 27
18 27
27 60
27 41
8 27
27 95
24 27
27 48
27 89
27 40
27 77
27 79
27 50
27 85
26 27
27 35
27 83
21 27
27 88
25 27
27 29
27 57
27 72
27 46
9 27
27 43
27 76
23 93
23 51
23 55
15 23
23 45
22 23
23 74
23 47
5 23
23 49
23 84
2 23
6 23
23 30
7 23
3 23
20 23
18 23
23 60
23 41
8 23
23 95
23 24
23 48
23 89
23 40
23 77
23 79
23 50
23 85
23 26
23 35
23 83
21 23
23 88
23 25
23 29
23 57
23 72
23 46
9 23
23 43
23 76
51 93
55 93
15 93
45 93
22 93
74 93
47 93
5 93
49 93
84 93
2 93
6 93
30 93
7 93
3 93
20 93
18 93
60 93
41 93
8 93
93 95
24 93
48 93
89 93
40 93
77 93
79 93
50 93
85 93
26 93
35 93
83 93
21 93
88 93
25 93
29 93
57 93
72 93
46 93
9 93
43 93
76 93
51 55
15 51
45 51
22 51
51 74
47 51
5 51
49 51
51 84
2 51
6 51
30 51
7 51
3 51
20 51
18 51
51 60
41 51
8 51
51 95
24 51
48 51
51 89
40 51
51 77
51 79
50 51
51 85
26 51
35 51
51 83
21 51
51 88
25 51
29 51
51 57
51 72
46 51
9 51
43 51
51 76
15 55
45 55
22 55
55 74
47 55
5 55
49 55
55 84
2 55
6 55
30 55
7 55
3 55
20 55
18 55
55 60
41 55
8 55
55 95
24 55
48 55
55 89
40 55
55 77
55 79
50 55
55 85
26 55
35 55
55 83
21 55
55 88
25 55
29 55
55 57
55 72
46 55
9 55
43 55
55 76
15 45
15 22
15 74
15 47
5 15
15 49
15 84
2 15
6 15
15 30
7 15
3 15
15 20
15 18
15 60
15 41
8 15
15 95
15 24
15 48
15 89
15 40
15 77
15 79
15 50
15 85
15 26
15 35
15 83
15 21
15 88
15 25
15 29
15 57
15 72
15 46
9 15
15 43
15 76
22 45
45 74
45 47
5 45
45 49
45 84
2 45
6 45
30 45
7 45
3 45
20 45
18 45
45 60
41 45
8 45
45 95
24 45
45 48
45 89
40 45
45 77
45 79
45 50
45 85
26 45
35 45
45 83
21 45
45 88
25 45
29 45
45 57
45 72
45 46
9 45
43 45
45 76
22 74
22 47
5 22
22 49
22 84
2 22
6 22
22 30
7 22
3 22
20 22
18 22
22 60
22 41
8 22
22 95
22 24
22 48
22 89
22 40
22 77
22 79
22 50
22 85
22 26
22 35
22 83
21 22
22 88
22 25
22 29
22 57
22 72
22 46
9 22
22 43
22 76
47 74
5 74
49 74
74 84
2 74
6 74
30 74
7 74
3 74
20 74
18 74
60 74
41 74
8 74
74 95
24 74
48 74
74 89
40 74
74 77
74 79
50 74
74 85
26 74
35 74
74 83
21 74
74 88
25 74
29 74
57 74
72 74
46 74
9 74
43 74
74 76
5 47
47 49
47 84
2 47
6 47
30 47
7 47
3 47
20 47
18 47
47 60
41 47
8 47
47 95
24 47
47 48
47 89
40 47
47 77
47 79
47 50
47 85
26 47
35 47
47 83
21 47
47 88
25 47
29 47
47 57
47 72
46 47
9 47
43 47
47 76
5 49
5 84
2 5
5 6
5 30
5 7
3 5
5 20
5 18
5 60
5 41
5 8
5 95
5 24
5 48
5 89
5 40
5 77
5 79
5 50
5 85
5 26
5 35
5 83
5 21
5 88
5 25
5 29
5 57
5 72
5 46
5 9
5 43
5 76
49 84
2 49
6 49
30 49
7 49
3 49
20 49
18 49
49 60
41 49
8 49
49 95
24 49
48 49
49 89
40 49
49 77
49 79
49 50
49 85
26 49
35 49
49 83
21 49
49 88
25 49
29 49
49 57
49 72
46 49
9 49
43 49
49 76
2 84
6 84
30 84
7 84
3 84
20 84
18 84
60 84
41 84
8 84
84 95
24 84
48 84
84 89
40 84
77 84
79 84
50 84
84 85
26 84
35 84
83 84
21 84
84 88
25 84
29 84
57 84
72 84
46 84
9 84
43 84
76 84
2 6
2 30
2 7
2 3
2 20
2 18
2 60
2 41
2 8
2 95
2 24
2 48
2 89
2 40
2 77
2 79
2 50
2 85
2 26
2 35
2 83
2 21
2 88
2 25
2 29
2 57
2 72
2 46
2 9
2 43
2 76
6 30
6 7
3 6
6 20
6 18
6 60
6 41
6 8
6 95
6 24
6 48
6 89
6 40
6 77
6 79
6 50
6 85
6 26
6 35
6 83
6 21
6 88
6 25
6 29
6 57
6 72
6 46
6 9
6 43
6 76
7 30
3 30
20 30
18 30
30 60
30 41
8 30
30 95
24 30
30 48
30 89
30 40
30 77
30 79
30 50
30 85
26 30
30 35
30 83
21 30
30 88
25 30
29 30
30 57
30 72
30 46
9 30
30 43
30 76
3 7
7 20
7 18
7 60
7 41
7 8
7 95
7 24
7 48
7 89
7 40
7 77
7 79
7 50
7 85
7 26
7 35
7 83
7 21
7 88
7 25
7 29
7 57
7 72
7 46
7 9
7 43
7 76
3 20
3 18
3 60
3 41
3 8
3 95
3 24
3 48
3 89
3 40
3 77
3 79
3 50
3 85
3 26
3 35
3 83
3 21
3 88
3 25
3 29
3 57
3 72
3 46
3 9
3 43
3 76
18 20
20 60
20 41
8 20
20 95
20 24
20 48
20 89
20 40
20 77
20 79
20 50
20 85
20 26
20 35
20 83
20 21
20 88
20 25
20 29
20 57
20 72
20 46
9 20
20 43
20 76
18 60
18 41
8 18
18 95
18 24
18 48
18 89
18 40
18 77
18 79
18 50
18 85
18 26
18 35
18 83
18 21
18 88
18 25
18 29
18 57
18 72
18 46
9 18
18 43
18 76
41 60
8 60
60 95
24 60
48 60
60 89
40 60
60 77
60 79
50 60
60 85
26 60
35 60
60 83
21 60
60 88
25 60
29 60
57 60
60 72
46 60
9 60
43 60
60 76
8 41
41 95
24 41
41 48
41 89
40 41
41 77
41 79
41 50
41 85
26 41
35 41
41 83
21 41
41 88
25 41
29 41
41 57
41 72
41 46
9 41
41 43
41 76
8 95
8 24
8 48
8 89
8 40
8 77
8 79
8 50
8 85
8 26
8 35
8 83
8 21
8 88
8 25
8 29
8 57
8 72
8 46
8 9
8 43
8 76
24 95
48 95
89 95
40 95
77 95
79 95
50 95
85 95
26 95
35 95
83 95
21 95
88 95
25 95
29 95
57 95
72 95
46 95
9 95
43 95
76 95
24 48
24 89
24 40
24 77
24 79
24 50
24 85
24 26
24 35
24 83
21 24
24 88
24 25
24 29
24 57
24 72
24 46
9 24
24 43
24 76
48 89
40 48
48 77
48 79
48 50
48 85
26 48
35 48
48 83
21 48
48 88
25 48
29 48
48 57
48 72
46 48
9 48
43 48
48 76
40 89
77 89
79 89
50 89
85 89
26 89
35 89
83 89
21 89
88 89
25 89
29 89
57 89
72 89
46 89
9 89
43 89
76 89
40 77
40 79
40 50
40 85
26 40
35 40
40 83
21 40
40 88
25 40
29 40
40 57
40 72
40 46
9 40
40 43
40 76
77 79
50 77
77 85
26 77
35 77
77 83
21 77
77 88
25 77
29 77
57 77
72 77
46 77
9 77
43 77
76 77
50 79
79 85
26 79
35 79
79 83
21 79
79 88
25 79
29 79
57 79
72 79
46 79
9 79
43 79
76 79
50 85
26 50
35 50
50 83
21 50
50 88
25 50
29 50
50 57
50 72
46 50
9 50
43 50
50 76
26 85
35 85
83 85
21 85
85 88
25 85
29 85
57 85
72 85
46 85
9 85
43 85
76 85
26 35
26 83
21 26
26 88
25 26
26 29
26 57
26 72
26 46
9 26
26 43
26 76
35 83
21 35
35 88
25 35
29 35
35 57
35 72
35 46
9 35
35 43
35 76
21 83
83 88
25 83
29 83
57 83
72 83
46 83
9 83
43 83
76 83
21 88
21 25
21 29
21 57
21 72
21 46
9 21
21 43
21 76
25 88
29 88
57 88
72 88
46 88
9 88
43 88
76 88
25 29
25 57
25 72
25 46
9 25
25 43
25 76
29 57
29 72
29 46
9 29
29 43
29 76
57 72
46 57
9 57
43 57
57 76
46 72
9 72
43 72
72 76
9 46
43 46
46 76
9 43
9 76
43 76
