55 54
-1 -1
307 812
-1 -1
-1 -1
426 231
848 819
-1 -1
666 136
-1 -1
863 615
-1 -1
289 798
-1 -1
-1 -1
717 519
93 158
803 494
-1 -1
828 517
-1 -1
-1 -1
-1 -1
-1 -1
-1 -1
-1 -1
-1 -1
-1 -1
362 704
512 50
-1 -1
560 727
-1 -1
902 680
631 838
428 561
-1 -1
711 935
958 42
-1 -1
970 979
-1 -1
-1 -1
-1 -1
-1 -1
414 616
798 344
161 270
3 860
656 560
-1 -1
803 777
320 980
15 730
-1 -1
325 616
36 53
29 36
2 36
36 42
31 36
28 36
36 50
22 36
36 40
7 36
36 39
27 36
6 36
8 36
30 36
18 36
23 36
36 46
4 36
36 43
36 44
5 36
32 36
19 36
14 36
36 38
36 51
36 52
36 45
17 36
26 36
36 41
20 36
25 36
10 36
13 36
36 54
3 36
1 36
36 55
24 36
36 49
33 36
21 36
16 36
36 47
35 36
12 36
15 36
9 36
36 48
36 37
11 36
34 36
