100 4950
49 58
868 125
519 335
157 37
362 924
358 934
692 338
655 715
23 968
906 21
487 17
692 263
319 833
670 623
503 420
311 914
940 75
958 89
564 811
990 987
753 16
721 589
186 993
811 708
921 211
30 961
730 57
142 179
352 440
804 545
961 509
320 240
195 918
627 17
306 641
816 162
29 428
481 324
3 665
692 27
534 759
477 237
656 705
381 830
786 942
957 836
844 380
136 582
379 658
977 221
335 925
524 402
541 144
910 431
650 566
907 291
570 100
360 949
295 750
644 261
752 623
166 618
142 467
52 455
480 576
883 594
592 83
743 146
269 719
292 67
391 195
778 211
685 825
230 960
357 89
764 721
145 976
889 696
287 946
876 915
707 384
431 82
875 774
48 574
672 429
850 25
402 545
512 42
430 76
875 268
802 62
940 173
676 350
61 89
369 976
722 946
929 243
840 881
340 673
987 482
45 61
45 84
45 58
45 100
8 45
40 45
35 45
22 45
14 45
45 71
45 98
45 88
6 45
44 45
30 45
45 54
26 45
29 45
45 79
10 45
39 45
24 45
1 45
2 45
45 66
45 65
45 80
45 46
45 81
21 45
16 45
45 55
32 45
45 87
33 45
45 70
38 45
45 75
15 45
45 77
45 51
18 45
37 45
45 83
45 63
36 45
28 45
45 47
7 45
4 45
41 45
45 94
45 78
17 45
31 45
45 76
45 73
45 52
13 45
45 86
45 62
5 45
45 99
45 64
45 53
3 45
45 85
20 45
27 45
45 57
45 72
34 45
45 49
25 45
9 45
45 93
45 92
19 45
45 50
45 56
45 59
45 82
45 97
45 74
45 48
12 45
45 69
45 95
23 45
45 60
11 45
45 89
45 68
45 96
45 67
45 91
45 90
43 45
42 45
61 84
58 61
61 100
8 61
40 61
35 61
22 61
14 61
61 71
61 98
61 88
6 61
44 61
30 61
54 61
26 61
29 61
61 79
10 61
39 61
24 61
1 61
2 61
61 66
61 65
61 80
46 61
61 81
21 61
16 61
55 61
32 61
61 87
33 61
61 70
38 61
61 75
15 61
61 77
51 61
18 61
37 61
61 83
61 63
36 61
28 61
47 61
7 61
4 61
41 61
61 94
61 78
17 61
31 61
61 76
61 73
52 61
13 61
61 86
61 62
5 61
61 99
61 64
53 61
3 61
61 85
20 61
27 61
57 61
61 72
34 61
49 61
25 61
9 61
61 93
61 92
19 61
50 61
56 61
59 61
61 82
61 97
61 74
48 61
12 61
61 69
61 95
23 61
60 61
11 61
61 89
61 68
61 96
61 67
61 91
61 90
43 61
42 61
58 84
84 100
8 84
40 84
35 84
22 84
14 84
71 84
84 98
84 88
6 84
44 84
30 84
54 84
26 84
29 84
79 84
10 84
39 84
24 84
1 84
2 84
66 84
65 84
80 84
46 84
81 84
21 84
16 84
55 84
32 84
84 87
33 84
70 84
38 84
75 84
15 84
77 84
51 84
18 84
37 84
83 84
63 84
36 84
28 84
47 84
7 84
4 84
41 84
84 94
78 84
17 84
31 84
76 84
73 84
52 84
13 84
84 86
62 84
5 84
84 99
64 84
53 84
3 84
84 85
20 84
27 84
57 84
72 84
34 84
49 84
25 84
9 84
84 93
84 92
19 84
50 84
56 84
59 84
82 84
84 97
74 84
48 84
12 84
69 84
84 95
23 84
60 84
11 84
84 89
68 84
84 96
67 84
84 91
84 90
43 84
42 84
58 100
8 58
40 58
35 58
22 58
14 58
58 71
58 98
58 88
6 58
44 58
30 58
54 58
26 58
29 58
58 79
10 58
39 58
24 58
1 58
2 58
58 66
58 65
58 80
46 58
58 81
21 58
16 58
55 58
32 58
58 87
33 58
58 70
38 58
58 75
15 58
58 77
51 58
18 58
37 58
58 83
58 63
36 58
28 58
47 58
7 58
4 58
41 58
58 94
58 78
17 58
31 58
58 76
58 73
52 58
13 58
58 86
58 62
5 58
58 99
58 64
53 58
3 58
58 85
20 58
27 58
57 58
58 72
34 58
49 58
25 58
9 58
58 93
58 92
19 58
50 58
56 58
58 59
58 82
58 97
58 74
48 58
12 58
58 69
58 95
23 58
58 60
11 58
58 89
58 68
58 96
58 67
58 91
58 90
43 58
42 58
8 100
40 100
35 100
22 100
14 100
71 100
98 100
88 100
6 100
44 100
30 100
54 100
26 100
29 100
79 100
10 100
39 100
24 100
1 100
2 100
66 100
65 100
80 100
46 100
81 100
21 100
16 100
55 100
32 100
87 100
33 100
70 100
38 100
75 100
15 100
77 100
51 100
18 100
37 100
83 100
63 100
36 100
28 100
47 100
7 100
4 100
41 100
94 100
78 100
17 100
31 100
76 100
73 100
52 100
13 100
86 100
62 100
5 100
99 100
64 100
53 100
3 100
85 100
20 100
27 100
57 100
72 100
34 100
49 100
25 100
9 100
93 100
92 100
19 100
50 100
56 100
59 100
82 100
97 100
74 100
48 100
12 100
69 100
95 100
23 100
60 100
11 100
89 100
68 100
96 100
67 100
91 100
90 100
43 100
42 100
8 40
8 35
8 22
8 14
8 71
8 98
8 88
6 8
8 44
8 30
8 54
8 26
8 29
8 79
8 10
8 39
8 24
1 8
2 8
8 66
8 65
8 80
8 46
8 81
8 21
8 16
8 55
8 32
8 87
8 33
8 70
8 38
8 75
8 15
8 77
8 51
8 18
8 37
8 83
8 63
8 36
8 28
8 47
7 8
4 8
8 41
8 94
8 78
8 17
8 31
8 76
8 73
8 52
8 13
8 86
8 62
5 8
8 99
8 64
8 53
3 8
8 85
8 20
8 27
8 57
8 72
8 34
8 49
8 25
8 9
8 93
8 92
8 19
8 50
8 56
8 59
8 82
8 97
8 74
8 48
8 12
8 69
8 95
8 23
8 60
8 11
8 89
8 68
8 96
8 67
8 91
8 90
8 43
8 42
35 40
22 40
14 40
40 71
40 98
40 88
6 40
40 44
30 40
40 54
26 40
29 40
40 79
10 40
39 40
24 40
1 40
2 40
40 66
40 65
40 80
40 46
40 81
21 40
16 40
40 55
32 40
40 87
33 40
40 70
38 40
40 75
15 40
40 77
40 51
18 40
37 40
40 83
40 63
36 40
28 40
40 47
7 40
4 40
40 41
40 94
40 78
17 40
31 40
40 76
40 73
40 52
13 40
40 86
40 62
5 40
40 99
40 64
40 53
3 40
40 85
20 40
27 40
40 57
40 72
34 40
40 49
25 40
9 40
40 93
40 92
19 40
40 50
40 56
40 59
40 82
40 97
40 74
40 48
12 40
40 69
40 95
23 40
40 60
11 40
40 89
40 68
40 96
40 67
40 91
40 90
40 43
40 42
22 35
14 35
35 71
35 98
35 88
6 35
35 44
30 35
35 54
26 35
29 35
35 79
10 35
35 39
24 35
1 35
2 35
35 66
35 65
35 80
35 46
35 81
21 35
16 35
35 55
32 35
35 87
33 35
35 70
35 38
35 75
15 35
35 77
35 51
18 35
35 37
35 83
35 63
35 36
28 35
35 47
7 35
4 35
35 41
35 94
35 78
17 35
31 35
35 76
35 73
35 52
13 35
35 86
35 62
5 35
35 99
35 64
35 53
3 35
35 85
20 35
27 35
35 57
35 72
34 35
35 49
25 35
9 35
35 93
35 92
19 35
35 50
35 56
35 59
35 82
35 97
35 74
35 48
12 35
35 69
35 95
23 35
35 60
11 35
35 89
35 68
35 96
35 67
35 91
35 90
35 43
35 42
14 22
22 71
22 98
22 88
6 22
22 44
22 30
22 54
22 26
22 29
22 79
10 22
22 39
22 24
1 22
2 22
22 66
22 65
22 80
22 46
22 81
21 22
16 22
22 55
22 32
22 87
22 33
22 70
22 38
22 75
15 22
22 77
22 51
18 22
22 37
22 83
22 63
22 36
22 28
22 47
7 22
4 22
22 41
22 94
22 78
17 22
22 31
22 76
22 73
22 52
13 22
22 86
22 62
5 22
22 99
22 64
22 53
3 22
22 85
20 22
22 27
22 57
22 72
22 34
22 49
22 25
9 22
22 93
22 92
19 22
22 50
22 56
22 59
22 82
22 97
22 74
22 48
12 22
22 69
22 95
22 23
22 60
11 22
22 89
22 68
22 96
22 67
22 91
22 90
22 43
22 42
14 71
14 98
14 88
6 14
14 44
14 30
14 54
14 26
14 29
14 79
10 14
14 39
14 24
1 14
2 14
14 66
14 65
14 80
14 46
14 81
14 21
14 16
14 55
14 32
14 87
14 33
14 70
14 38
14 75
14 15
14 77
14 51
14 18
14 37
14 83
14 63
14 36
14 28
14 47
7 14
4 14
14 41
14 94
14 78
14 17
14 31
14 76
14 73
14 52
13 14
14 86
14 62
5 14
14 99
14 64
14 53
3 14
14 85
14 20
14 27
14 57
14 72
14 34
14 49
14 25
9 14
14 93
14 92
14 19
14 50
14 56
14 59
14 82
14 97
14 74
14 48
12 14
14 69
14 95
14 23
14 60
11 14
14 89
14 68
14 96
14 67
14 91
14 90
14 43
14 42
71 98
71 88
6 71
44 71
30 71
54 71
26 71
29 71
71 79
10 71
39 71
24 71
1 71
2 71
66 71
65 71
71 80
46 71
71 81
21 71
16 71
55 71
32 71
71 87
33 71
70 71
38 71
71 75
15 71
71 77
51 71
18 71
37 71
71 83
63 71
36 71
28 71
47 71
7 71
4 71
41 71
71 94
71 78
17 71
31 71
71 76
71 73
52 71
13 71
71 86
62 71
5 71
71 99
64 71
53 71
3 71
71 85
20 71
27 71
57 71
71 72
34 71
49 71
25 71
9 71
71 93
71 92
19 71
50 71
56 71
59 71
71 82
71 97
71 74
48 71
12 71
69 71
71 95
23 71
60 71
11 71
71 89
68 71
71 96
67 71
71 91
71 90
43 71
42 71
88 98
6 98
44 98
30 98
54 98
26 98
29 98
79 98
10 98
39 98
24 98
1 98
2 98
66 98
65 98
80 98
46 98
81 98
21 98
16 98
55 98
32 98
87 98
33 98
70 98
38 98
75 98
15 98
77 98
51 98
18 98
37 98
83 98
63 98
36 98
28 98
47 98
7 98
4 98
41 98
94 98
78 98
17 98
31 98
76 98
73 98
52 98
13 98
86 98
62 98
5 98
98 99
64 98
53 98
3 98
85 98
20 98
27 98
57 98
72 98
34 98
49 98
25 98
9 98
93 98
92 98
19 98
50 98
56 98
59 98
82 98
97 98
74 98
48 98
12 98
69 98
95 98
23 98
60 98
11 98
89 98
68 98
96 98
67 98
91 98
90 98
43 98
42 98
6 88
44 88
30 88
54 88
26 88
29 88
79 88
10 88
39 88
24 88
1 88
2 88
66 88
65 88
80 88
46 88
81 88
21 88
16 88
55 88
32 88
87 88
33 88
70 88
38 88
75 88
15 88
77 88
51 88
18 88
37 88
83 88
63 88
36 88
28 88
47 88
7 88
4 88
41 88
88 94
78 88
17 88
31 88
76 88
73 88
52 88
13 88
86 88
62 88
5 88
88 99
64 88
53 88
3 88
85 88
20 88
27 88
57 88
72 88
34 88
49 88
25 88
9 88
88 93
88 92
19 88
50 88
56 88
59 88
82 88
88 97
74 88
48 88
12 88
69 88
88 95
23 88
60 88
11 88
88 89
68 88
88 96
67 88
88 91
88 90
43 88
42 88
6 44
6 30
6 54
6 26
6 29
6 79
6 10
6 39
6 24
1 6
2 6
6 66
6 65
6 80
6 46
6 81
6 21
6 16
6 55
6 32
6 87
6 33
6 70
6 38
6 75
6 15
6 77
6 51
6 18
6 37
6 83
6 63
6 36
6 28
6 47
6 7
4 6
6 41
6 94
6 78
6 17
6 31
6 76
6 73
6 52
6 13
6 86
6 62
5 6
6 99
6 64
6 53
3 6
6 85
6 20
6 27
6 57
6 72
6 34
6 49
6 25
6 9
6 93
6 92
6 19
6 50
6 56
6 59
6 82
6 97
6 74
6 48
6 12
6 69
6 95
6 23
6 60
6 11
6 89
6 68
6 96
6 67
6 91
6 90
6 43
6 42
30 44
44 54
26 44
29 44
44 79
10 44
39 44
24 44
1 44
2 44
44 66
44 65
44 80
44 46
44 81
21 44
16 44
44 55
32 44
44 87
33 44
44 70
38 44
44 75
15 44
44 77
44 51
18 44
37 44
44 83
44 63
36 44
28 44
44 47
7 44
4 44
41 44
44 94
44 78
17 44
31 44
44 76
44 73
44 52
13 44
44 86
44 62
5 44
44 99
44 64
44 53
3 44
44 85
20 44
27 44
44 57
44 72
34 44
44 49
25 44
9 44
44 93
44 92
19 44
44 50
44 56
44 59
44 82
44 97
44 74
44 48
12 44
44 69
44 95
23 44
44 60
11 44
44 89
44 68
44 96
44 67
44 91
44 90
43 44
42 44
30 54
26 30
29 30
30 79
10 30
30 39
24 30
1 30
2 30
30 66
30 65
30 80
30 46
30 81
21 30
16 30
30 55
30 32
30 87
30 33
30 70
30 38
30 75
15 30
30 77
30 51
18 30
30 37
30 83
30 63
30 36
28 30
30 47
7 30
4 30
30 41
30 94
30 78
17 30
30 31
30 76
30 73
30 52
13 30
30 86
30 62
5 30
30 99
30 64
30 53
3 30
30 85
20 30
27 30
30 57
30 72
30 34
30 49
25 30
9 30
30 93
30 92
19 30
30 50
30 56
30 59
30 82
30 97
30 74
30 48
12 30
30 69
30 95
23 30
30 60
11 30
30 89
30 68
30 96
30 67
30 91
30 90
30 43
30 42
26 54
29 54
54 79
10 54
39 54
24 54
1 54
2 54
54 66
54 65
54 80
46 54
54 81
21 54
16 54
54 55
32 54
54 87
33 54
54 70
38 54
54 75
15 54
54 77
51 54
18 54
37 54
54 83
54 63
36 54
28 54
47 54
7 54
4 54
41 54
54 94
54 78
17 54
31 54
54 76
54 73
52 54
13 54
54 86
54 62
5 54
54 99
54 64
53 54
3 54
54 85
20 54
27 54
54 57
54 72
34 54
49 54
25 54
9 54
54 93
54 92
19 54
50 54
54 56
54 59
54 82
54 97
54 74
48 54
12 54
54 69
54 95
23 54
54 60
11 54
54 89
54 68
54 96
54 67
54 91
54 90
43 54
42 54
26 29
26 79
10 26
26 39
24 26
1 26
2 26
26 66
26 65
26 80
26 46
26 81
21 26
16 26
26 55
26 32
26 87
26 33
26 70
26 38
26 75
15 26
26 77
26 51
18 26
26 37
26 83
26 63
26 36
26 28
26 47
7 26
4 26
26 41
26 94
26 78
17 26
26 31
26 76
26 73
26 52
13 26
26 86
26 62
5 26
26 99
26 64
26 53
3 26
26 85
20 26
26 27
26 57
26 72
26 34
26 49
25 26
9 26
26 93
26 92
19 26
26 50
26 56
26 59
26 82
26 97
26 74
26 48
12 26
26 69
26 95
23 26
26 60
11 26
26 89
26 68
26 96
26 67
26 91
26 90
26 43
26 42
29 79
10 29
29 39
24 29
1 29
2 29
29 66
29 65
29 80
29 46
29 81
21 29
16 29
29 55
29 32
29 87
29 33
29 70
29 38
29 75
15 29
29 77
29 51
18 29
29 37
29 83
29 63
29 36
28 29
29 47
7 29
4 29
29 41
29 94
29 78
17 29
29 31
29 76
29 73
29 52
13 29
29 86
29 62
5 29
29 99
29 64
29 53
3 29
29 85
20 29
27 29
29 57
29 72
29 34
29 49
25 29
9 29
29 93
29 92
19 29
29 50
29 56
29 59
29 82
29 97
29 74
29 48
12 29
29 69
29 95
23 29
29 60
11 29
29 89
29 68
29 96
29 67
29 91
29 90
29 43
29 42
10 79
39 79
24 79
1 79
2 79
66 79
65 79
79 80
46 79
79 81
21 79
16 79
55 79
32 79
79 87
33 79
70 79
38 79
75 79
15 79
77 79
51 79
18 79
37 79
79 83
63 79
36 79
28 79
47 79
7 79
4 79
41 79
79 94
78 79
17 79
31 79
76 79
73 79
52 79
13 79
79 86
62 79
5 79
79 99
64 79
53 79
3 79
79 85
20 79
27 79
57 79
72 79
34 79
49 79
25 79
9 79
79 93
79 92
19 79
50 79
56 79
59 79
79 82
79 97
74 79
48 79
12 79
69 79
79 95
23 79
60 79
11 79
79 89
68 79
79 96
67 79
79 91
79 90
43 79
42 79
10 39
10 24
1 10
2 10
10 66
10 65
10 80
10 46
10 81
10 21
10 16
10 55
10 32
10 87
10 33
10 70
10 38
10 75
10 15
10 77
10 51
10 18
10 37
10 83
10 63
10 36
10 28
10 47
7 10
4 10
10 41
10 94
10 78
10 17
10 31
10 76
10 73
10 52
10 13
10 86
10 62
5 10
10 99
10 64
10 53
3 10
10 85
10 20
10 27
10 57
10 72
10 34
10 49
10 25
9 10
10 93
10 92
10 19
10 50
10 56
10 59
10 82
10 97
10 74
10 48
10 12
10 69
10 95
10 23
10 60
10 11
10 89
10 68
10 96
10 67
10 91
10 90
10 43
10 42
24 39
1 39
2 39
39 66
39 65
39 80
39 46
39 81
21 39
16 39
39 55
32 39
39 87
33 39
39 70
38 39
39 75
15 39
39 77
39 51
18 39
37 39
39 83
39 63
36 39
28 39
39 47
7 39
4 39
39 41
39 94
39 78
17 39
31 39
39 76
39 73
39 52
13 39
39 86
39 62
5 39
39 99
39 64
39 53
3 39
39 85
20 39
27 39
39 57
39 72
34 39
39 49
25 39
9 39
39 93
39 92
19 39
39 50
39 56
39 59
39 82
39 97
39 74
39 48
12 39
39 69
39 95
23 39
39 60
11 39
39 89
39 68
39 96
39 67
39 91
39 90
39 43
39 42
1 24
2 24
24 66
24 65
24 80
24 46
24 81
21 24
16 24
24 55
24 32
24 87
24 33
24 70
24 38
24 75
15 24
24 77
24 51
18 24
24 37
24 83
24 63
24 36
24 28
24 47
7 24
4 24
24 41
24 94
24 78
17 24
24 31
24 76
24 73
24 52
13 24
24 86
24 62
5 24
24 99
24 64
24 53
3 24
24 85
20 24
24 27
24 57
24 72
24 34
24 49
24 25
9 24
24 93
24 92
19 24
24 50
24 56
24 59
24 82
24 97
24 74
24 48
12 24
24 69
24 95
23 24
24 60
11 24
24 89
24 68
24 96
24 67
24 91
24 90
24 43
24 42
1 2
1 66
1 65
1 80
1 46
1 81
1 21
1 16
1 55
1 32
1 87
1 33
1 70
1 38
1 75
1 15
1 77
1 51
1 18
1 37
1 83
1 63
1 36
1 28
1 47
1 7
1 4
1 41
1 94
1 78
1 17
1 31
1 76
1 73
1 52
1 13
1 86
1 62
1 5
1 99
1 64
1 53
1 3
1 85
1 20
1 27
1 57
1 72
1 34
1 49
1 25
1 9
1 93
1 92
1 19
1 50
1 56
1 59
1 82
1 97
1 74
1 48
1 12
1 69
1 95
1 23
1 60
1 11
1 89
1 68
1 96
1 67
1 91
1 90
1 43
1 42
2 66
2 65
2 80
2 46
2 81
2 21
2 16
2 55
2 32
2 87
2 33
2 70
2 38
2 75
2 15
2 77
2 51
2 18
2 37
2 83
2 63
2 36
2 28
2 47
2 7
2 4
2 41
2 94
2 78
2 17
2 31
2 76
2 73
2 52
2 13
2 86
2 62
2 5
2 99
2 64
2 53
2 3
2 85
2 20
2 27
2 57
2 72
2 34
2 49
2 25
2 9
2 93
2 92
2 19
2 50
2 56
2 59
2 82
2 97
2 74
2 48
2 12
2 69
2 95
2 23
2 60
2 11
2 89
2 68
2 96
2 67
2 91
2 90
2 43
2 42
65 66
66 80
46 66
66 81
21 66
16 66
55 66
32 66
66 87
33 66
66 70
38 66
66 75
15 66
66 77
51 66
18 66
37 66
66 83
63 66
36 66
28 66
47 66
7 66
4 66
41 66
66 94
66 78
17 66
31 66
66 76
66 73
52 66
13 66
66 86
62 66
5 66
66 99
64 66
53 66
3 66
66 85
20 66
27 66
57 66
66 72
34 66
49 66
25 66
9 66
66 93
66 92
19 66
50 66
56 66
59 66
66 82
66 97
66 74
48 66
12 66
66 69
66 95
23 66
60 66
11 66
66 89
66 68
66 96
66 67
66 91
66 90
43 66
42 66
65 80
46 65
65 81
21 65
16 65
55 65
32 65
65 87
33 65
65 70
38 65
65 75
15 65
65 77
51 65
18 65
37 65
65 83
63 65
36 65
28 65
47 65
7 65
4 65
41 65
65 94
65 78
17 65
31 65
65 76
65 73
52 65
13 65
65 86
62 65
5 65
65 99
64 65
53 65
3 65
65 85
20 65
27 65
57 65
65 72
34 65
49 65
25 65
9 65
65 93
65 92
19 65
50 65
56 65
59 65
65 82
65 97
65 74
48 65
12 65
65 69
65 95
23 65
60 65
11 65
65 89
65 68
65 96
65 67
65 91
65 90
43 65
42 65
46 80
80 81
21 80
16 80
55 80
32 80
80 87
33 80
70 80
38 80
75 80
15 80
77 80
51 80
18 80
37 80
80 83
63 80
36 80
28 80
47 80
7 80
4 80
41 80
80 94
78 80
17 80
31 80
76 80
73 80
52 80
13 80
80 86
62 80
5 80
80 99
64 80
53 80
3 80
80 85
20 80
27 80
57 80
72 80
34 80
49 80
25 80
9 80
80 93
80 92
19 80
50 80
56 80
59 80
80 82
80 97
74 80
48 80
12 80
69 80
80 95
23 80
60 80
11 80
80 89
68 80
80 96
67 80
80 91
80 90
43 80
42 80
46 81
21 46
16 46
46 55
32 46
46 87
33 46
46 70
38 46
46 75
15 46
46 77
46 51
18 46
37 46
46 83
46 63
36 46
28 46
46 47
7 46
4 46
41 46
46 94
46 78
17 46
31 46
46 76
46 73
46 52
13 46
46 86
46 62
5 46
46 99
46 64
46 53
3 46
46 85
20 46
27 46
46 57
46 72
34 46
46 49
25 46
9 46
46 93
46 92
19 46
46 50
46 56
46 59
46 82
46 97
46 74
46 48
12 46
46 69
46 95
23 46
46 60
11 46
46 89
46 68
46 96
46 67
46 91
46 90
43 46
42 46
21 81
16 81
55 81
32 81
81 87
33 81
70 81
38 81
75 81
15 81
77 81
51 81
18 81
37 81
81 83
63 81
36 81
28 81
47 81
7 81
4 81
41 81
81 94
78 81
17 81
31 81
76 81
73 81
52 81
13 81
81 86
62 81
5 81
81 99
64 81
53 81
3 81
81 85
20 81
27 81
57 81
72 81
34 81
49 81
25 81
9 81
81 93
81 92
19 81
50 81
56 81
59 81
81 82
81 97
74 81
48 81
12 81
69 81
81 95
23 81
60 81
11 81
81 89
68 81
81 96
67 81
81 91
81 90
43 81
42 81
16 21
21 55
21 32
21 87
21 33
21 70
21 38
21 75
15 21
21 77
21 51
18 21
21 37
21 83
21 63
21 36
21 28
21 47
7 21
4 21
21 41
21 94
21 78
17 21
21 31
21 76
21 73
21 52
13 21
21 86
21 62
5 21
21 99
21 64
21 53
3 21
21 85
20 21
21 27
21 57
21 72
21 34
21 49
21 25
9 21
21 93
21 92
19 21
21 50
21 56
21 59
21 82
21 97
21 74
21 48
12 21
21 69
21 95
21 23
21 60
11 21
21 89
21 68
21 96
21 67
21 91
21 90
21 43
21 42
16 55
16 32
16 87
16 33
16 70
16 38
16 75
15 16
16 77
16 51
16 18
16 37
16 83
16 63
16 36
16 28
16 47
7 16
4 16
16 41
16 94
16 78
16 17
16 31
16 76
16 73
16 52
13 16
16 86
16 62
5 16
16 99
16 64
16 53
3 16
16 85
16 20
16 27
16 57
16 72
16 34
16 49
16 25
9 16
16 93
16 92
16 19
16 50
16 56
16 59
16 82
16 97
16 74
16 48
12 16
16 69
16 95
16 23
16 60
11 16
16 89
16 68
16 96
16 67
16 91
16 90
16 43
16 42
32 55
55 87
33 55
55 70
38 55
55 75
15 55
55 77
51 55
18 55
37 55
55 83
55 63
36 55
28 55
47 55
7 55
4 55
41 55
55 94
55 78
17 55
31 55
55 76
55 73
52 55
13 55
55 86
55 62
5 55
55 99
55 64
53 55
3 55
55 85
20 55
27 55
55 57
55 72
34 55
49 55
25 55
9 55
55 93
55 92
19 55
50 55
55 56
55 59
55 82
55 97
55 74
48 55
12 55
55 69
55 95
23 55
55 60
11 55
55 89
55 68
55 96
55 67
55 91
55 90
43 55
42 55
32 87
32 33
32 70
32 38
32 75
15 32
32 77
32 51
18 32
32 37
32 83
32 63
32 36
28 32
32 47
7 32
4 32
32 41
32 94
32 78
17 32
31 32
32 76
32 73
32 52
13 32
32 86
32 62
5 32
32 99
32 64
32 53
3 32
32 85
20 32
27 32
32 57
32 72
32 34
32 49
25 32
9 32
32 93
32 92
19 32
32 50
32 56
32 59
32 82
32 97
32 74
32 48
12 32
32 69
32 95
23 32
32 60
11 32
32 89
32 68
32 96
32 67
32 91
32 90
32 43
32 42
33 87
70 87
38 87
75 87
15 87
77 87
51 87
18 87
37 87
83 87
63 87
36 87
28 87
47 87
7 87
4 87
41 87
87 94
78 87
17 87
31 87
76 87
73 87
52 87
13 87
86 87
62 87
5 87
87 99
64 87
53 87
3 87
85 87
20 87
27 87
57 87
72 87
34 87
49 87
25 87
9 87
87 93
87 92
19 87
50 87
56 87
59 87
82 87
87 97
74 87
48 87
12 87
69 87
87 95
23 87
60 87
11 87
87 89
68 87
87 96
67 87
87 91
87 90
43 87
42 87
33 70
33 38
33 75
15 33
33 77
33 51
18 33
33 37
33 83
33 63
33 36
28 33
33 47
7 33
4 33
33 41
33 94
33 78
17 33
31 33
33 76
33 73
33 52
13 33
33 86
33 62
5 33
33 99
33 64
33 53
3 33
33 85
20 33
27 33
33 57
33 72
33 34
33 49
25 33
9 33
33 93
33 92
19 33
33 50
33 56
33 59
33 82
33 97
33 74
33 48
12 33
33 69
33 95
23 33
33 60
11 33
33 89
33 68
33 96
33 67
33 91
33 90
33 43
33 42
38 70
70 75
15 70
70 77
51 70
18 70
37 70
70 83
63 70
36 70
28 70
47 70
7 70
4 70
41 70
70 94
70 78
17 70
31 70
70 76
70 73
52 70
13 70
70 86
62 70
5 70
70 99
64 70
53 70
3 70
70 85
20 70
27 70
57 70
70 72
34 70
49 70
25 70
9 70
70 93
70 92
19 70
50 70
56 70
59 70
70 82
70 97
70 74
48 70
12 70
69 70
70 95
23 70
60 70
11 70
70 89
68 70
70 96
67 70
70 91
70 90
43 70
42 70
38 75
15 38
38 77
38 51
18 38
37 38
38 83
38 63
36 38
28 38
38 47
7 38
4 38
38 41
38 94
38 78
17 38
31 38
38 76
38 73
38 52
13 38
38 86
38 62
5 38
38 99
38 64
38 53
3 38
38 85
20 38
27 38
38 57
38 72
34 38
38 49
25 38
9 38
38 93
38 92
19 38
38 50
38 56
38 59
38 82
38 97
38 74
38 48
12 38
38 69
38 95
23 38
38 60
11 38
38 89
38 68
38 96
38 67
38 91
38 90
38 43
38 42
15 75
75 77
51 75
18 75
37 75
75 83
63 75
36 75
28 75
47 75
7 75
4 75
41 75
75 94
75 78
17 75
31 75
75 76
73 75
52 75
13 75
75 86
62 75
5 75
75 99
64 75
53 75
3 75
75 85
20 75
27 75
57 75
72 75
34 75
49 75
25 75
9 75
75 93
75 92
19 75
50 75
56 75
59 75
75 82
75 97
74 75
48 75
12 75
69 75
75 95
23 75
60 75
11 75
75 89
68 75
75 96
67 75
75 91
75 90
43 75
42 75
15 77
15 51
15 18
15 37
15 83
15 63
15 36
15 28
15 47
7 15
4 15
15 41
15 94
15 78
15 17
15 31
15 76
15 73
15 52
13 15
15 86
15 62
5 15
15 99
15 64
15 53
3 15
15 85
15 20
15 27
15 57
15 72
15 34
15 49
15 25
9 15
15 93
15 92
15 19
15 50
15 56
15 59
15 82
15 97
15 74
15 48
12 15
15 69
15 95
15 23
15 60
11 15
15 89
15 68
15 96
15 67
15 91
15 90
15 43
15 42
51 77
18 77
37 77
77 83
63 77
36 77
28 77
47 77
7 77
4 77
41 77
77 94
77 78
17 77
31 77
76 77
73 77
52 77
13 77
77 86
62 77
5 77
77 99
64 77
53 77
3 77
77 85
20 77
27 77
57 77
72 77
34 77
49 77
25 77
9 77
77 93
77 92
19 77
50 77
56 77
59 77
77 82
77 97
74 77
48 77
12 77
69 77
77 95
23 77
60 77
11 77
77 89
68 77
77 96
67 77
77 91
77 90
43 77
42 77
18 51
37 51
51 83
51 63
36 51
28 51
47 51
7 51
4 51
41 51
51 94
51 78
17 51
31 51
51 76
51 73
51 52
13 51
51 86
51 62
5 51
51 99
51 64
51 53
3 51
51 85
20 51
27 51
51 57
51 72
34 51
49 51
25 51
9 51
51 93
51 92
19 51
50 51
51 56
51 59
51 82
51 97
51 74
48 51
12 51
51 69
51 95
23 51
51 60
11 51
51 89
51 68
51 96
51 67
51 91
51 90
43 51
42 51
18 37
18 83
18 63
18 36
18 28
18 47
7 18
4 18
18 41
18 94
18 78
17 18
18 31
18 76
18 73
18 52
13 18
18 86
18 62
5 18
18 99
18 64
18 53
3 18
18 85
18 20
18 27
18 57
18 72
18 34
18 49
18 25
9 18
18 93
18 92
18 19
18 50
18 56
18 59
18 82
18 97
18 74
18 48
12 18
18 69
18 95
18 23
18 60
11 18
18 89
18 68
18 96
18 67
18 91
18 90
18 43
18 42
37 83
37 63
36 37
28 37
37 47
7 37
4 37
37 41
37 94
37 78
17 37
31 37
37 76
37 73
37 52
13 37
37 86
37 62
5 37
37 99
37 64
37 53
3 37
37 85
20 37
27 37
37 57
37 72
34 37
37 49
25 37
9 37
37 93
37 92
19 37
37 50
37 56
37 59
37 82
37 97
37 74
37 48
12 37
37 69
37 95
23 37
37 60
11 37
37 89
37 68
37 96
37 67
37 91
37 90
37 43
37 42
63 83
36 83
28 83
47 83
7 83
4 83
41 83
83 94
78 83
17 83
31 83
76 83
73 83
52 83
13 83
83 86
62 83
5 83
83 99
64 83
53 83
3 83
83 85
20 83
27 83
57 83
72 83
34 83
49 83
25 83
9 83
83 93
83 92
19 83
50 83
56 83
59 83
82 83
83 97
74 83
48 83
12 83
69 83
83 95
23 83
60 83
11 83
83 89
68 83
83 96
67 83
83 91
83 90
43 83
42 83
36 63
28 63
47 63
7 63
4 63
41 63
63 94
63 78
17 63
31 63
63 76
63 73
52 63
13 63
63 86
62 63
5 63
63 99
63 64
53 63
3 63
63 85
20 63
27 63
57 63
63 72
34 63
49 63
25 63
9 63
63 93
63 92
19 63
50 63
56 63
59 63
63 82
63 97
63 74
48 63
12 63
63 69
63 95
23 63
60 63
11 63
63 89
63 68
63 96
63 67
63 91
63 90
43 63
42 63
28 36
36 47
7 36
4 36
36 41
36 94
36 78
17 36
31 36
36 76
36 73
36 52
13 36
36 86
36 62
5 36
36 99
36 64
36 53
3 36
36 85
20 36
27 36
36 57
36 72
34 36
36 49
25 36
9 36
36 93
36 92
19 36
36 50
36 56
36 59
36 82
36 97
36 74
36 48
12 36
36 69
36 95
23 36
36 60
11 36
36 89
36 68
36 96
36 67
36 91
36 90
36 43
36 42
28 47
7 28
4 28
28 41
28 94
28 78
17 28
28 31
28 76
28 73
28 52
13 28
28 86
28 62
5 28
28 99
28 64
28 53
3 28
28 85
20 28
27 28
28 57
28 72
28 34
28 49
25 28
9 28
28 93
28 92
19 28
28 50
28 56
28 59
28 82
28 97
28 74
28 48
12 28
28 69
28 95
23 28
28 60
11 28
28 89
28 68
28 96
28 67
28 91
28 90
28 43
28 42
7 47
4 47
41 47
47 94
47 78
17 47
31 47
47 76
47 73
47 52
13 47
47 86
47 62
5 47
47 99
47 64
47 53
3 47
47 85
20 47
27 47
47 57
47 72
34 47
47 49
25 47
9 47
47 93
47 92
19 47
47 50
47 56
47 59
47 82
47 97
47 74
47 48
12 47
47 69
47 95
23 47
47 60
11 47
47 89
47 68
47 96
47 67
47 91
47 90
43 47
42 47
4 7
7 41
7 94
7 78
7 17
7 31
7 76
7 73
7 52
7 13
7 86
7 62
5 7
7 99
7 64
7 53
3 7
7 85
7 20
7 27
7 57
7 72
7 34
7 49
7 25
7 9
7 93
7 92
7 19
7 50
7 56
7 59
7 82
7 97
7 74
7 48
7 12
7 69
7 95
7 23
7 60
7 11
7 89
7 68
7 96
7 67
7 91
7 90
7 43
7 42
4 41
4 94
4 78
4 17
4 31
4 76
4 73
4 52
4 13
4 86
4 62
4 5
4 99
4 64
4 53
3 4
4 85
4 20
4 27
4 57
4 72
4 34
4 49
4 25
4 9
4 93
4 92
4 19
4 50
4 56
4 59
4 82
4 97
4 74
4 48
4 12
4 69
4 95
4 23
4 60
4 11
4 89
4 68
4 96
4 67
4 91
4 90
4 43
4 42
41 94
41 78
17 41
31 41
41 76
41 73
41 52
13 41
41 86
41 62
5 41
41 99
41 64
41 53
3 41
41 85
20 41
27 41
41 57
41 72
34 41
41 49
25 41
9 41
41 93
41 92
19 41
41 50
41 56
41 59
41 82
41 97
41 74
41 48
12 41
41 69
41 95
23 41
41 60
11 41
41 89
41 68
41 96
41 67
41 91
41 90
41 43
41 42
78 94
17 94
31 94
76 94
73 94
52 94
13 94
86 94
62 94
5 94
94 99
64 94
53 94
3 94
85 94
20 94
27 94
57 94
72 94
34 94
49 94
25 94
9 94
93 94
92 94
19 94
50 94
56 94
59 94
82 94
94 97
74 94
48 94
12 94
69 94
94 95
23 94
60 94
11 94
89 94
68 94
94 96
67 94
91 94
90 94
43 94
42 94
17 78
31 78
76 78
73 78
52 78
13 78
78 86
62 78
5 78
78 99
64 78
53 78
3 78
78 85
20 78
27 78
57 78
72 78
34 78
49 78
25 78
9 78
78 93
78 92
19 78
50 78
56 78
59 78
78 82
78 97
74 78
48 78
12 78
69 78
78 95
23 78
60 78
11 78
78 89
68 78
78 96
67 78
78 91
78 90
43 78
42 78
17 31
17 76
17 73
17 52
13 17
17 86
17 62
5 17
17 99
17 64
17 53
3 17
17 85
17 20
17 27
17 57
17 72
17 34
17 49
17 25
9 17
17 93
17 92
17 19
17 50
17 56
17 59
17 82
17 97
17 74
17 48
12 17
17 69
17 95
17 23
17 60
11 17
17 89
17 68
17 96
17 67
17 91
17 90
17 43
17 42
31 76
31 73
31 52
13 31
31 86
31 62
5 31
31 99
31 64
31 53
3 31
31 85
20 31
27 31
31 57
31 72
31 34
31 49
25 31
9 31
31 93
31 92
19 31
31 50
31 56
31 59
31 82
31 97
31 74
31 48
12 31
31 69
31 95
23 31
31 60
11 31
31 89
31 68
31 96
31 67
31 91
31 90
31 43
31 42
73 76
52 76
13 76
76 86
62 76
5 76
76 99
64 76
53 76
3 76
76 85
20 76
27 76
57 76
72 76
34 76
49 76
25 76
9 76
76 93
76 92
19 76
50 76
56 76
59 76
76 82
76 97
74 76
48 76
12 76
69 76
76 95
23 76
60 76
11 76
76 89
68 76
76 96
67 76
76 91
76 90
43 76
42 76
52 73
13 73
73 86
62 73
5 73
73 99
64 73
53 73
3 73
73 85
20 73
27 73
57 73
72 73
34 73
49 73
25 73
9 73
73 93
73 92
19 73
50 73
56 73
59 73
73 82
73 97
73 74
48 73
12 73
69 73
73 95
23 73
60 73
11 73
73 89
68 73
73 96
67 73
73 91
73 90
43 73
42 73
13 52
52 86
52 62
5 52
52 99
52 64
52 53
3 52
52 85
20 52
27 52
52 57
52 72
34 52
49 52
25 52
9 52
52 93
52 92
19 52
50 52
52 56
52 59
52 82
52 97
52 74
48 52
12 52
52 69
52 95
23 52
52 60
11 52
52 89
52 68
52 96
52 67
52 91
52 90
43 52
42 52
13 86
13 62
5 13
13 99
13 64
13 53
3 13
13 85
13 20
13 27
13 57
13 72
13 34
13 49
13 25
9 13
13 93
13 92
13 19
13 50
13 56
13 59
13 82
13 97
13 74
13 48
12 13
13 69
13 95
13 23
13 60
11 13
13 89
13 68
13 96
13 67
13 91
13 90
13 43
13 42
62 86
5 86
86 99
64 86
53 86
3 86
85 86
20 86
27 86
57 86
72 86
34 86
49 86
25 86
9 86
86 93
86 92
19 86
50 86
56 86
59 86
82 86
86 97
74 86
48 86
12 86
69 86
86 95
23 86
60 86
11 86
86 89
68 86
86 96
67 86
86 91
86 90
43 86
42 86
5 62
62 99
62 64
53 62
3 62
62 85
20 62
27 62
57 62
62 72
34 62
49 62
25 62
9 62
62 93
62 92
19 62
50 62
56 62
59 62
62 82
62 97
62 74
48 62
12 62
62 69
62 95
23 62
60 62
11 62
62 89
62 68
62 96
62 67
62 91
62 90
43 62
42 62
5 99
5 64
5 53
3 5
5 85
5 20
5 27
5 57
5 72
5 34
5 49
5 25
5 9
5 93
5 92
5 19
5 50
5 56
5 59
5 82
5 97
5 74
5 48
5 12
5 69
5 95
5 23
5 60
5 11
5 89
5 68
5 96
5 67
5 91
5 90
5 43
5 42
64 99
53 99
3 99
85 99
20 99
27 99
57 99
72 99
34 99
49 99
25 99
9 99
93 99
92 99
19 99
50 99
56 99
59 99
82 99
97 99
74 99
48 99
12 99
69 99
95 99
23 99
60 99
11 99
89 99
68 99
96 99
67 99
91 99
90 99
43 99
42 99
53 64
3 64
64 85
20 64
27 64
57 64
64 72
34 64
49 64
25 64
9 64
64 93
64 92
19 64
50 64
56 64
59 64
64 82
64 97
64 74
48 64
12 64
64 69
64 95
23 64
60 64
11 64
64 89
64 68
64 96
64 67
64 91
64 90
43 64
42 64
3 53
53 85
20 53
27 53
53 57
53 72
34 53
49 53
25 53
9 53
53 93
53 92
19 53
50 53
53 56
53 59
53 82
53 97
53 74
48 53
12 53
53 69
53 95
23 53
53 60
11 53
53 89
53 68
53 96
53 67
53 91
53 90
43 53
42 53
3 85
3 20
3 27
3 57
3 72
3 34
3 49
3 25
3 9
3 93
3 92
3 19
3 50
3 56
3 59
3 82
3 97
3 74
3 48
3 12
3 69
3 95
3 23
3 60
3 11
3 89
3 68
3 96
3 67
3 91
3 90
3 43
3 42
20 85
27 85
57 85
72 85
34 85
49 85
25 85
9 85
85 93
85 92
19 85
50 85
56 85
59 85
82 85
85 97
74 85
48 85
12 85
69 85
85 95
23 85
60 85
11 85
85 89
68 85
85 96
67 85
85 91
85 90
43 85
42 85
20 27
20 57
20 72
20 34
20 49
20 25
9 20
20 93
20 92
19 20
20 50
20 56
20 59
20 82
20 97
20 74
20 48
12 20
20 69
20 95
20 23
20 60
11 20
20 89
20 68
20 96
20 67
20 91
20 90
20 43
20 42
27 57
27 72
27 34
27 49
25 27
9 27
27 93
27 92
19 27
27 50
27 56
27 59
27 82
27 97
27 74
27 48
12 27
27 69
27 95
23 27
27 60
11 27
27 89
27 68
27 96
27 67
27 91
27 90
27 43
27 42
57 72
34 57
49 57
25 57
9 57
57 93
57 92
19 57
50 57
56 57
57 59
57 82
57 97
57 74
48 57
12 57
57 69
57 95
23 57
57 60
11 57
57 89
57 68
57 96
57 67
57 91
57 90
43 57
42 57
34 72
49 72
25 72
9 72
72 93
72 92
19 72
50 72
56 72
59 72
72 82
72 97
72 74
48 72
12 72
69 72
72 95
23 72
60 72
11 72
72 89
68 72
72 96
67 72
72 91
72 90
43 72
42 72
34 49
25 34
9 34
34 93
34 92
19 34
34 50
34 56
34 59
34 82
34 97
34 74
34 48
12 34
34 69
34 95
23 34
34 60
11 34
34 89
34 68
34 96
34 67
34 91
34 90
34 43
34 42
25 49
9 49
49 93
49 92
19 49
49 50
49 56
49 59
49 82
49 97
49 74
48 49
12 49
49 69
49 95
23 49
49 60
11 49
49 89
49 68
49 96
49 67
49 91
49 90
43 49
42 49
9 25
25 93
25 92
19 25
25 50
25 56
25 59
25 82
25 97
25 74
25 48
12 25
25 69
25 95
23 25
25 60
11 25
25 89
25 68
25 96
25 67
25 91
25 90
25 43
25 42
9 93
9 92
9 19
9 50
9 56
9 59
9 82
9 97
9 74
9 48
9 12
9 69
9 95
9 23
9 60
9 11
9 89
9 68
9 96
9 67
9 91
9 90
9 43
9 42
92 93
19 93
50 93
56 93
59 93
82 93
93 97
74 93
48 93
12 93
69 93
93 95
23 93
60 93
11 93
89 93
68 93
93 96
67 93
91 93
90 93
43 93
42 93
19 92
50 92
56 92
59 92
82 92
92 97
74 92
48 92
12 92
69 92
92 95
23 92
60 92
11 92
89 92
68 92
92 96
67 92
91 92
90 92
43 92
42 92
19 50
19 56
19 59
19 82
19 97
19 74
19 48
12 19
19 69
19 95
19 23
19 60
11 19
19 89
19 68
19 96
19 67
19 91
19 90
19 43
19 42
50 56
50 59
50 82
50 97
50 74
48 50
12 50
50 69
50 95
23 50
50 60
11 50
50 89
50 68
50 96
50 67
50 91
50 90
43 50
42 50
56 59
56 82
56 97
56 74
48 56
12 56
56 69
56 95
23 56
56 60
11 56
56 89
56 68
56 96
56 67
56 91
56 90
43 56
42 56
59 82
59 97
59 74
48 59
12 59
59 69
59 95
23 59
59 60
11 59
59 89
59 68
59 96
59 67
59 91
59 90
43 59
42 59
82 97
74 82
48 82
12 82
69 82
82 95
23 82
60 82
11 82
82 89
68 82
82 96
67 82
82 91
82 90
43 82
42 82
74 97
48 97
12 97
69 97
95 97
23 97
60 97
11 97
89 97
68 97
96 97
67 97
91 97
90 97
43 97
42 97
48 74
12 74
69 74
74 95
23 74
60 74
11 74
74 89
68 74
74 96
67 74
74 91
74 90
43 74
42 74
12 48
48 69
48 95
23 48
48 60
11 48
48 89
48 68
48 96
48 67
48 91
48 90
43 48
42 48
12 69
12 95
12 23
12 60
11 12
12 89
12 68
12 96
12 67
12 91
12 90
12 43
12 42
69 95
23 69
60 69
11 69
69 89
68 69
69 96
67 69
69 91
69 90
43 69
42 69
23 95
60 95
11 95
89 95
68 95
95 96
67 95
91 95
90 95
43 95
42 95
23 60
11 23
23 89
23 68
23 96
23 67
23 91
23 90
23 43
23 42
11 60
60 89
60 68
60 96
60 67
60 91
60 90
43 60
42 60
11 89
11 68
11 96
11 67
11 91
11 90
11 43
11 42
68 89
89 96
67 89
89 91
89 90
43 89
42 89
68 96
67 68
68 91
68 90
43 68
42 68
67 96
91 96
90 96
43 96
42 96
67 91
67 90
43 67
42 67
90 91
43 91
42 91
43 90
42 90
42 43
