100 99
-1 -1
-1 -1
-1 -1
-1 -1
-1 -1
-1 -1
-1 -1
-1 -1
-1 -1
-1 -1
-1 -1
-1 -1
-1 -1
-1 -1
-1 -1
-1 -1
-1 -1
-1 -1
-1 -1
-1 -1
-1 -1
-1 -1
-1 -1
-1 -1
-1 -1
-1 -1
102 151
-1 -1
-1 -1
-1 -1
-1 -1
-1 -1
-1 -1
-1 -1
-1 -1
-1 -1
-1 -1
-1 -1
-1 -1
-1 -1
-1 -1
-1 -1
-1 -1
-1 -1
-1 -1
-1 -1
-1 -1
-1 -1
-1 -1
-1 -1
-1 -1
-1 -1
-1 -1
-1 -1
-1 -1
-1 -1
-1 -1
-1 -1
-1 -1
-1 -1
-1 -1
-1 -1
-1 -1
-1 -1
-1 -1
-1 -1
-1 -1
-1 -1
-1 -1
-1 -1
-1 -1
-1 -1
-1 -1
-1 -1
-1 -1
-1 -1
-1 -1
-1 -1
-1 -1
-1 -1
-1 -1
-1 -1
-1 -1
-1 -1
-1 -1
-1 -1
-1 -1
-1 -1
-1 -1
-1 -1
-1 -1
-1 -1
-1 -1
-1 -1
-1 -1
-1 -1
-1 -1
-1 -1
-1 -1
-1 -1
10 88
88 95
75 95
43 75
19 43
19 92
87 92
20 87
20 74
8 74
8 100
60 100
21 60
21 85
73 85
71 73
33 71
18 33
18 36
36 52
24 52
24 83
11 83
11 34
2 34
2 25
25 26
26 72
37 72
37 41
41 89
47 89
47 62
62 70
53 70
53 68
59 68
9 59
9 94
31 94
31 69
42 69
42 46
46 90
39 90
39 48
48 82
49 82
16 49
16 80
44 80
44 57
57 63
63 93
13 93
7 13
7 30
30 96
61 96
61 67
4 67
4 97
55 97
54 55
54 81
40 81
40 99
78 99
78 91
77 91
38 77
38 84
22 84
5 22
5 29
29 65
14 65
12 14
12 58
28 58
28 35
6 35
1 6
1 79
79 98
27 98
23 27
23 32
17 32
17 45
3 45
3 15
15 86
64 86
64 76
56 76
50 56
50 51
51 66
