619.5000000000 751.0000000000
745.0000000000 403.0000000000
592.0000000000 36.0000000000
840.0000000000 326.0000000000
296.0000000000 223.0000000000
28.8571428571 672.2857142857
85.5000000000 367.0000000000
28.5714285714 640.8571428571
355.0000000000 48.0000000000
143.0000000000 156.0000000000
988.5000000000 365.5000000000
681.5000000000 366.0000000000
994.0000000000 924.0000000000
30.0000000000 798.0000000000
961.0000000000 461.0000000000
785.0000000000 2.0000000000
418.0000000000 688.0000000000
969.0000000000 394.0000000000
809.0000000000 670.0000000000
119.0000000000 519.5000000000
29.7142857143 766.5714285714
156.0000000000 142.0000000000
358.0000000000 597.0000000000
771.0000000000 696.0000000000
302.0000000000 202.0000000000
995.0000000000 356.0000000000
28.0000000000 578.0000000000
208.0000000000 241.0000000000
28.2857142857 609.4285714286
567.0000000000 637.0000000000
302.6666666667 614.6666666667
375.0000000000 232.0000000000
805.7500000000 321.7500000000
505.2500000000 139.2500000000
975.5000000000 384.5000000000
29.1428571429 703.7142857143
956.0000000000 413.0000000000
87.0000000000 972.0000000000
944.0000000000 219.0000000000
258.0000000000 626.0000000000
83.0000000000 112.0000000000
962.5000000000 403.5000000000
9.0000000000 210.0000000000
671.3333333333 408.0000000000
231.0000000000 187.0000000000
229.0000000000 172.0000000000
358.0000000000 597.0000000000
29.4285714286 735.1428571429
245.0000000000 578.0000000000
360.3333333333 651.3333333333
381.6666666667 355.0000000000
92.0000000000 302.0000000000
658.0000000000 254.5000000000
982.0000000000 375.0000000000
655.5000000000 230.5000000000
