55 54
-1 -1
-1 -1
-1 -1
897 973
-1 -1
-1 -1
-1 -1
-1 -1
-1 -1
998 75
-1 -1
382 719
-1 -1
-1 -1
-1 -1
-1 -1
-1 -1
-1 -1
520 852
-1 -1
-1 -1
2 491
-1 -1
-1 -1
-1 -1
182 855
-1 -1
88 809
632 58
451 785
-1 -1
-1 -1
873 382
-1 -1
-1 -1
835 736
-1 -1
-1 -1
-1 -1
-1 -1
-1 -1
-1 -1
552 604
-1 -1
-1 -1
-1 -1
-1 -1
-1 -1
-1 -1
-1 -1
-1 -1
776 332
-1 -1
-1 -1
243 48
13 42
7 42
7 44
12 44
12 51
1 51
1 35
2 35
2 10
4 10
4 16
16 36
17 36
17 48
47 48
34 47
20 34
20 40
32 40
32 38
23 38
18 23
18 55
26 55
26 29
29 52
19 52
19 41
22 41
22 45
8 45
8 53
3 53
3 28
28 50
11 50
11 43
31 43
9 31
9 21
21 30
15 30
15 24
24 37
37 54
14 54
14 46
25 46
6 25
6 49
33 49
5 33
5 27
27 39
