83.0000000000 45.0000000000
438.3571428571 457.8571428571
438.3571428571 457.8571428571
185.0000000000 2.0000000000
42.0000000000 383.0000000000
438.3571428571 457.8571428571
714.0000000000 753.0000000000
438.3571428571 457.8571428571
438.3571428571 457.8571428571
438.3571428571 457.8571428571
438.3571428571 457.8571428571
438.3571428571 457.8571428571
438.3571428571 457.8571428571
820.0000000000 239.0000000000
438.3571428571 457.8571428571
438.3571428571 457.8571428571
438.3571428571 457.8571428571
438.3571428571 457.8571428571
438.3571428571 457.8571428571
438.3571428571 457.8571428571
874.0000000000 991.0000000000
438.3571428571 457.8571428571
389.0000000000 497.0000000000
438.3571428571 457.8571428571
438.3571428571 457.8571428571
438.3571428571 457.8571428571
438.3571428571 457.8571428571
411.0000000000 397.0000000000
438.3571428571 457.8571428571
438.3571428571 457.8571428571
438.3571428571 457.8571428571
438.3571428571 457.8571428571
438.3571428571 457.8571428571
438.3571428571 457.8571428571
578.0000000000 178.0000000000
438.3571428571 457.8571428571
438.3571428571 457.8571428571
438.3571428571 457.8571428571
438.3571428571 457.8571428571
449.0000000000 558.0000000000
246.0000000000 420.0000000000
438.3571428571 457.8571428571
438.3571428571 457.8571428571
438.3571428571 457.8571428571
438.3571428571 457.8571428571
438.3571428571 457.8571428571
277.0000000000 743.0000000000
793.0000000000 763.0000000000
276.0000000000 441.0000000000
438.3571428571 457.8571428571
438.3571428571 457.8571428571
438.3571428571 457.8571428571
438.3571428571 457.8571428571
438.3571428571 457.8571428571
438.3571428571 457.8571428571
