55 54
-1 -1
-1 -1
-1 -1
469 809
-1 -1
-1 -1
-1 -1
-1 -1
-1 -1
-1 -1
-1 -1
-1 -1
-1 -1
-1 -1
-1 -1
-1 -1
-1 -1
-1 -1
-1 -1
-1 -1
-1 -1
-1 -1
-1 -1
-1 -1
-1 -1
-1 -1
-1 -1
-1 -1
-1 -1
-1 -1
-1 -1
-1 -1
-1 -1
-1 -1
-1 -1
-1 -1
-1 -1
-1 -1
-1 -1
-1 -1
-1 -1
-1 -1
-1 -1
-1 -1
-1 -1
-1 -1
-1 -1
-1 -1
-1 -1
-1 -1
-1 -1
-1 -1
-1 -1
-1 -1
-1 -1
1 21
1 2
1 42
1 45
1 22
1 29
1 38
1 6
1 32
1 31
1 7
1 20
1 17
1 19
1 54
1 10
1 37
1 48
1 39
1 50
1 43
1 9
1 41
1 15
1 13
1 36
1 25
1 34
1 33
1 12
1 14
1 11
1 49
1 26
1 55
1 40
1 28
1 8
1 51
1 3
1 47
1 30
1 23
1 46
1 44
1 5
1 53
1 52
1 35
1 24
1 18
1 4
1 16
1 27
