100 2475
-1 -1
427 754
-1 -1
-1 -1
69 721
-1 -1
467 311
-1 -1
870 234
695 344
-1 -1
-1 -1
-1 -1
-1 -1
205 595
-1 -1
-1 -1
-1 -1
-1 -1
-1 -1
632 223
332 892
-1 -1
-1 -1
-1 -1
17 606
-1 -1
-1 -1
-1 -1
-1 -1
-1 -1
-1 -1
-1 -1
493 435
229 307
-1 -1
-1 -1
375 903
-1 -1
-1 -1
146 778
631 939
603 875
-1 -1
-1 -1
-1 -1
-1 -1
-1 -1
33 949
-1 -1
-1 -1
-1 -1
-1 -1
401 916
-1 -1
-1 -1
-1 -1
-1 -1
-1 -1
-1 -1
-1 -1
-1 -1
343 760
-1 -1
-1 -1
977 267
852 799
-1 -1
-1 -1
-1 -1
-1 -1
757 299
438 413
-1 -1
-1 -1
-1 -1
778 115
-1 -1
-1 -1
-1 -1
-1 -1
-1 -1
812 513
-1 -1
-1 -1
-1 -1
-1 -1
-1 -1
-1 -1
-1 -1
436 372
-1 -1
-1 -1
-1 -1
-1 -1
-1 -1
-1 -1
-1 -1
-1 -1
-1 -1
7 26
7 33
7 89
7 57
7 50
7 58
1 7
7 95
7 78
7 17
7 16
7 44
7 94
7 86
7 15
7 47
7 43
7 30
7 29
7 40
7 61
7 51
7 85
5 7
4 7
7 8
7 62
7 10
7 55
7 32
7 77
7 74
7 35
7 27
3 7
7 21
7 12
7 39
7 9
7 56
7 49
7 13
7 91
7 66
7 34
7 22
2 7
6 7
7 96
7 84
7 59
7 81
7 53
7 46
7 75
7 87
7 41
7 37
26 33
26 89
26 70
26 57
26 50
26 64
26 83
16 26
26 42
26 44
18 26
23 26
14 26
26 90
26 68
26 97
26 43
26 30
26 88
26 65
26 51
26 85
4 26
26 62
26 55
26 32
26 77
26 27
26 71
3 26
19 26
26 39
26 72
13 26
26 99
26 45
26 91
26 36
26 34
26 96
24 26
26 53
26 75
26 37
26 31
26 79
33 70
1 33
33 95
33 78
33 83
16 33
33 42
33 44
18 33
33 94
15 33
33 47
33 38
33 60
33 43
29 33
33 88
33 65
33 40
25 33
33 51
8 33
10 33
33 55
33 74
27 33
33 71
33 76
33 93
33 49
33 99
33 91
33 92
33 34
22 33
6 33
33 48
24 33
33 59
33 98
33 81
33 75
33 87
20 33
31 33
70 89
57 89
1 89
16 89
42 89
67 89
89 94
15 89
47 89
11 89
38 89
23 89
14 89
60 89
89 90
68 89
89 97
43 89
29 89
88 89
65 89
61 89
25 89
51 89
5 89
4 89
55 89
32 89
77 89
74 89
35 89
27 89
71 89
3 89
21 89
19 89
39 89
52 89
76 89
56 89
82 89
13 89
89 100
36 89
34 89
2 89
6 89
28 89
48 89
81 89
53 89
41 89
31 89
57 70
1 70
70 95
54 70
64 70
17 70
70 83
16 70
42 70
44 70
70 86
47 70
38 70
23 70
14 70
43 70
70 88
65 70
51 70
8 70
10 70
70 77
70 74
35 70
27 70
70 71
3 70
21 70
19 70
12 70
39 70
70 72
52 70
69 70
70 93
49 70
70 82
13 70
70 99
45 70
70 91
66 70
34 70
22 70
70 84
59 70
70 98
70 81
53 70
46 70
70 75
41 70
20 70
31 70
70 79
50 57
57 58
57 95
57 64
17 57
42 57
44 57
18 57
57 67
57 94
15 57
47 57
38 57
23 57
57 60
57 68
57 97
43 57
30 57
29 57
57 88
57 65
40 57
57 63
57 85
5 57
4 57
57 62
57 77
35 57
57 71
3 57
21 57
39 57
57 72
52 57
57 76
57 82
57 80
45 57
57 100
57 91
34 57
22 57
57 96
28 57
57 84
57 59
37 57
1 50
50 54
50 78
17 50
42 50
44 50
18 50
50 67
50 86
38 50
14 50
50 60
50 90
50 68
50 65
40 50
50 51
50 63
5 50
4 50
8 50
10 50
50 55
32 50
50 77
21 50
12 50
39 50
50 72
9 50
50 93
13 50
45 50
50 66
36 50
2 50
24 50
50 73
50 81
46 50
50 87
41 50
20 50
37 50
1 58
58 78
58 64
58 83
16 58
44 58
18 58
58 94
15 58
47 58
11 58
14 58
58 60
58 68
58 97
30 58
40 58
51 58
58 63
5 58
4 58
58 74
27 58
21 58
12 58
39 58
58 72
58 69
58 76
58 93
56 58
49 58
45 58
58 66
58 92
22 58
6 58
58 96
58 84
58 81
58 75
41 58
31 58
58 79
1 95
1 54
1 16
1 42
1 18
1 67
1 86
1 15
1 23
1 60
1 90
1 97
1 43
1 29
1 88
1 25
1 51
1 5
1 8
1 62
1 55
1 35
1 27
1 3
1 12
1 52
1 9
1 93
1 56
1 13
1 80
1 100
1 66
1 34
1 2
1 24
1 98
1 81
1 53
1 46
1 75
1 87
1 37
1 31
54 95
78 95
17 95
42 95
44 95
67 95
86 95
15 95
47 95
14 95
68 95
95 97
43 95
30 95
29 95
88 95
40 95
61 95
25 95
63 95
8 95
10 95
55 95
32 95
77 95
35 95
27 95
71 95
3 95
39 95
72 95
52 95
9 95
56 95
82 95
13 95
45 95
91 95
66 95
36 95
92 95
6 95
95 98
75 95
54 64
44 54
18 54
54 67
54 94
15 54
11 54
14 54
54 60
54 90
54 68
43 54
30 54
54 65
51 54
54 63
54 85
54 62
32 54
54 74
35 54
27 54
54 71
21 54
19 54
12 54
39 54
54 76
54 93
13 54
54 99
54 91
54 92
34 54
22 54
2 54
28 54
48 54
24 54
54 73
54 98
54 81
54 87
37 54
31 54
78 83
16 78
44 78
67 78
11 78
38 78
14 78
29 78
40 78
61 78
25 78
51 78
63 78
78 85
5 78
8 78
32 78
27 78
3 78
19 78
12 78
39 78
72 78
52 78
69 78
9 78
78 93
13 78
78 99
45 78
78 91
2 78
78 96
48 78
75 78
78 87
78 79
16 64
42 64
44 64
18 64
64 94
64 86
47 64
38 64
23 64
14 64
60 64
29 64
40 64
61 64
51 64
63 64
64 85
8 64
10 64
55 64
35 64
27 64
3 64
21 64
19 64
12 64
39 64
64 72
52 64
64 69
9 64
64 93
64 82
64 80
64 100
64 91
64 66
64 92
34 64
22 64
28 64
48 64
64 73
64 98
53 64
20 64
64 79
17 83
17 44
17 18
17 67
17 94
17 86
15 17
17 68
17 97
17 43
17 30
17 29
17 65
17 40
17 25
17 51
5 17
10 17
17 35
17 27
17 71
17 76
17 56
13 17
17 36
17 92
17 34
17 22
2 17
17 96
17 28
17 84
17 48
17 73
17 59
17 98
17 81
17 75
17 87
17 41
17 20
17 37
17 31
17 79
16 83
67 83
83 94
83 86
38 83
23 83
60 83
83 97
43 83
30 83
83 88
40 83
61 83
25 83
51 83
63 83
83 85
8 83
62 83
77 83
35 83
27 83
21 83
72 83
9 83
13 83
83 99
66 83
36 83
83 92
34 83
2 83
6 83
83 96
28 83
48 83
59 83
83 98
81 83
53 83
46 83
41 83
37 83
16 18
16 94
16 86
15 16
16 47
16 38
16 23
16 90
16 68
16 30
16 29
16 88
16 65
16 40
16 85
5 16
4 16
10 16
16 32
16 35
16 71
3 16
16 21
16 19
16 39
16 72
16 52
9 16
16 76
16 93
16 49
16 82
16 99
16 80
16 45
16 91
16 66
16 36
16 34
16 22
16 96
16 48
16 24
16 73
16 98
16 46
16 20
16 31
42 94
42 86
11 42
38 42
23 42
14 42
42 90
42 68
42 97
42 43
42 65
40 42
42 51
4 42
8 42
42 62
10 42
42 55
42 77
35 42
42 71
12 42
39 42
42 72
42 52
9 42
42 76
42 93
42 49
42 82
13 42
42 100
36 42
34 42
22 42
6 42
42 96
28 42
42 84
42 59
42 46
42 87
20 42
37 42
31 42
42 79
18 44
44 67
44 94
44 86
15 44
11 44
23 44
14 44
44 68
44 97
29 44
44 88
44 65
40 44
44 51
44 63
5 44
8 44
44 62
10 44
44 55
32 44
44 77
44 74
35 44
27 44
44 71
21 44
19 44
44 72
9 44
44 93
44 49
44 82
13 44
44 80
44 45
44 100
44 91
34 44
22 44
2 44
44 96
44 84
24 44
44 73
44 59
44 46
44 87
41 44
20 44
37 44
31 44
18 67
15 18
18 23
14 18
18 60
18 97
18 43
18 30
18 88
18 65
18 85
8 18
18 32
18 74
18 35
18 27
3 18
18 39
18 72
18 52
9 18
18 76
18 93
18 49
18 82
18 99
18 91
18 22
6 18
18 28
18 84
18 24
18 73
18 59
18 46
18 75
18 37
67 94
14 67
60 67
67 90
67 88
40 67
25 67
51 67
4 67
62 67
55 67
32 67
67 77
35 67
27 67
21 67
12 67
39 67
52 67
67 69
67 76
56 67
67 82
67 92
22 67
67 96
28 67
67 84
48 67
24 67
67 98
67 81
53 67
46 67
67 75
41 67
31 67
86 94
47 94
38 94
23 94
14 94
68 94
94 97
43 94
29 94
40 94
25 94
85 94
5 94
4 94
8 94
62 94
32 94
74 94
35 94
27 94
71 94
72 94
52 94
76 94
49 94
94 99
80 94
45 94
94 100
66 94
92 94
22 94
2 94
6 94
84 94
48 94
24 94
73 94
59 94
81 94
53 94
75 94
41 94
15 86
47 86
23 86
86 90
68 86
43 86
30 86
29 86
86 88
65 86
61 86
25 86
4 86
10 86
55 86
32 86
35 86
3 86
21 86
19 86
39 86
52 86
9 86
86 93
49 86
82 86
80 86
45 86
86 100
66 86
36 86
34 86
22 86
86 98
46 86
37 86
11 15
15 38
15 68
15 43
15 30
15 88
15 65
15 61
15 51
15 63
5 15
4 15
8 15
15 62
15 77
15 71
3 15
15 19
15 52
15 69
9 15
15 76
13 15
15 99
15 80
15 91
15 66
15 36
15 92
15 34
15 22
2 15
15 28
15 84
15 48
15 73
15 98
15 53
15 46
15 75
15 87
15 41
15 37
15 31
15 79
11 47
23 47
47 60
43 47
30 47
29 47
40 47
25 47
47 63
47 85
8 47
47 62
10 47
47 77
35 47
3 47
19 47
39 47
47 72
47 69
9 47
47 76
47 56
47 49
47 82
13 47
47 80
47 100
36 47
47 92
2 47
6 47
28 47
47 48
24 47
47 73
47 59
47 98
46 47
47 75
47 87
41 47
20 47
37 47
11 38
11 23
11 60
11 90
11 97
11 43
11 40
11 61
11 25
11 51
11 63
11 85
8 11
11 74
11 35
11 27
11 71
11 21
11 19
11 52
11 93
11 56
11 13
11 99
11 45
11 66
11 36
11 92
11 34
11 22
6 11
11 96
11 84
11 24
11 73
11 59
11 98
11 81
11 53
11 87
11 37
11 79
14 38
38 60
38 90
38 68
38 88
38 65
38 40
25 38
38 51
38 63
5 38
38 62
38 74
35 38
3 38
21 38
38 52
38 76
38 93
38 56
38 49
38 82
38 91
38 96
38 84
38 48
38 59
38 81
38 53
38 46
23 60
23 68
23 30
23 40
23 25
23 63
4 23
23 77
23 27
12 23
23 39
23 52
23 76
23 93
23 56
23 49
23 80
23 45
23 100
23 66
23 36
23 92
23 34
6 23
23 28
23 84
23 59
23 98
23 75
23 87
20 23
14 97
14 43
14 30
14 29
14 88
14 40
14 61
14 25
14 63
14 85
5 14
14 62
14 19
14 39
14 52
9 14
14 76
14 82
14 99
14 80
14 36
14 92
14 34
6 14
14 96
14 24
14 81
14 53
14 87
14 31
14 79
60 90
60 97
60 88
60 65
40 60
25 60
5 60
8 60
60 62
60 71
21 60
12 60
39 60
52 60
9 60
60 76
60 93
60 99
45 60
60 91
60 66
22 60
2 60
6 60
60 96
24 60
59 60
60 98
60 81
60 87
20 60
37 60
31 60
60 79
68 90
90 97
88 90
40 90
61 90
51 90
85 90
8 90
62 90
10 90
55 90
77 90
74 90
35 90
19 90
39 90
72 90
52 90
69 90
9 90
76 90
90 93
90 99
45 90
90 100
90 92
34 90
2 90
90 96
84 90
24 90
73 90
59 90
81 90
53 90
46 90
75 90
20 90
31 90
79 90
43 68
30 68
65 68
61 68
25 68
63 68
68 85
5 68
8 68
10 68
32 68
68 74
35 68
27 68
68 71
3 68
19 68
39 68
68 72
52 68
68 76
56 68
49 68
68 99
68 100
68 91
36 68
68 92
22 68
2 68
6 68
68 96
59 68
68 81
53 68
46 68
37 68
31 68
88 97
65 97
40 97
5 97
4 97
8 97
10 97
55 97
32 97
77 97
74 97
35 97
71 97
3 97
21 97
39 97
72 97
69 97
9 97
82 97
97 99
80 97
45 97
91 97
36 97
92 97
34 97
96 97
28 97
59 97
53 97
20 97
37 97
31 97
30 43
29 43
43 65
40 43
43 61
25 43
43 51
43 63
4 43
43 62
32 43
43 74
43 71
21 43
12 43
39 43
43 52
43 69
43 76
43 93
43 56
43 49
43 100
43 66
36 43
34 43
22 43
43 96
24 43
43 59
43 46
43 75
43 87
41 43
20 43
37 43
29 30
30 65
30 61
25 30
4 30
8 30
30 62
30 32
30 77
30 74
30 39
30 72
30 52
30 69
9 30
13 30
30 80
30 45
30 100
30 91
22 30
30 48
30 59
30 98
30 81
30 53
30 31
30 79
29 40
29 85
5 29
8 29
29 62
10 29
29 71
3 29
19 29
12 29
29 72
29 93
29 49
29 99
29 66
29 36
29 92
29 34
6 29
29 96
29 84
29 48
29 73
29 98
29 81
29 75
20 29
29 31
61 88
51 88
63 88
4 88
8 88
62 88
10 88
55 88
74 88
35 88
71 88
19 88
12 88
39 88
52 88
69 88
76 88
49 88
82 88
45 88
88 100
88 91
36 88
88 92
34 88
22 88
88 96
28 88
48 88
24 88
59 88
88 98
53 88
46 88
75 88
87 88
20 88
37 88
31 88
40 65
51 65
5 65
62 65
55 65
65 77
65 74
35 65
27 65
21 65
65 72
65 69
9 65
56 65
65 82
45 65
36 65
2 65
65 96
65 84
48 65
24 65
65 73
59 65
53 65
65 75
41 65
20 65
31 65
65 79
40 61
25 40
40 51
40 63
4 40
8 40
40 62
10 40
40 55
35 40
27 40
21 40
19 40
39 40
40 72
40 52
40 69
40 56
40 99
40 45
40 100
40 91
40 66
36 40
34 40
22 40
2 40
6 40
40 84
40 48
40 73
40 98
40 81
40 53
37 40
40 79
51 61
61 63
5 61
4 61
8 61
10 61
61 74
35 61
27 61
61 71
3 61
21 61
12 61
39 61
9 61
61 93
13 61
61 99
61 66
36 61
22 61
2 61
61 96
61 73
59 61
61 98
61 81
37 61
31 61
25 51
25 85
5 25
4 25
10 25
25 55
25 77
25 74
25 35
25 27
25 71
12 25
25 39
25 72
25 52
25 69
25 76
25 82
13 25
25 99
25 91
25 36
25 92
6 25
25 28
25 84
25 48
24 25
25 73
25 46
25 87
25 41
5 51
8 51
51 62
10 51
51 55
35 51
51 71
3 51
21 51
39 51
51 72
51 69
51 56
49 51
51 99
51 80
45 51
51 100
51 66
36 51
51 92
34 51
6 51
28 51
51 84
48 51
24 51
51 73
51 59
51 81
51 53
46 51
51 75
41 51
20 51
37 51
5 63
63 77
63 74
35 63
27 63
3 63
39 63
63 69
9 63
13 63
45 63
63 100
63 66
34 63
22 63
63 96
63 84
48 63
63 73
63 98
63 75
41 63
20 63
37 63
4 85
62 85
32 85
77 85
74 85
35 85
27 85
71 85
3 85
12 85
39 85
52 85
69 85
9 85
56 85
49 85
82 85
85 99
85 100
66 85
22 85
2 85
28 85
73 85
85 98
53 85
85 87
41 85
37 85
31 85
5 8
5 10
5 32
5 77
5 52
5 9
5 76
5 49
5 13
5 36
2 5
5 28
5 48
5 24
5 46
5 41
5 37
5 31
5 79
4 62
4 55
4 32
4 77
4 74
3 4
4 19
4 52
4 69
4 9
4 93
4 49
4 82
4 80
4 45
4 100
4 91
4 36
4 92
2 4
4 96
4 48
4 24
4 59
4 75
4 20
4 37
8 77
8 71
8 19
8 12
8 52
8 69
8 9
8 56
8 82
8 13
8 80
8 45
8 100
8 91
8 66
8 36
8 92
8 28
8 48
8 24
8 59
8 98
8 81
8 53
8 75
8 87
8 41
8 37
8 31
10 62
62 77
35 62
12 62
62 72
62 76
62 82
13 62
62 66
36 62
62 92
2 62
6 62
62 81
53 62
62 75
62 87
20 62
31 62
62 79
10 32
10 74
10 71
3 10
10 21
10 19
10 12
10 52
10 69
9 10
10 93
10 49
10 91
10 34
2 10
6 10
10 48
10 73
10 59
10 53
10 46
10 75
10 37
10 79
55 77
55 74
35 55
55 71
19 55
12 55
52 55
55 76
55 93
49 55
13 55
55 99
55 80
36 55
2 55
6 55
55 84
55 73
55 98
55 79
32 77
32 35
27 32
21 32
32 72
32 52
32 69
9 32
32 93
32 56
32 49
32 82
13 32
32 45
32 100
32 66
32 36
32 92
22 32
2 32
6 32
28 32
32 84
24 32
32 73
32 98
32 87
31 32
32 79
74 77
27 77
21 77
19 77
52 77
69 77
9 77
49 77
77 80
45 77
77 100
77 91
2 77
6 77
28 77
77 84
77 98
53 77
46 77
37 77
31 77
35 74
3 74
21 74
12 74
9 74
74 93
74 99
74 80
74 91
34 74
2 74
6 74
74 96
28 74
46 74
41 74
27 35
35 71
3 35
35 52
35 69
35 76
35 93
35 56
35 49
35 82
13 35
35 80
35 66
35 92
34 35
22 35
2 35
35 96
28 35
35 48
35 73
35 98
35 81
35 53
35 46
35 75
35 87
35 37
31 35
35 79
27 71
27 39
27 69
9 27
27 76
27 99
27 80
27 45
27 100
27 36
27 34
27 96
27 28
27 84
27 48
27 59
27 98
27 46
27 87
27 41
20 27
27 31
27 79
19 71
39 71
9 71
71 76
56 71
49 71
13 71
71 80
71 100
66 71
36 71
71 92
22 71
2 71
6 71
71 98
53 71
46 71
71 75
71 87
37 71
3 39
3 72
3 93
3 56
3 49
3 82
3 100
3 92
3 34
3 22
2 3
3 96
3 81
3 53
3 46
3 75
3 87
3 20
19 21
21 39
21 82
13 21
21 99
21 80
21 45
21 91
21 36
21 34
21 22
2 21
21 24
21 73
21 98
21 81
21 87
21 41
20 21
21 37
21 31
12 19
19 72
19 52
9 19
19 93
13 19
19 99
19 45
19 91
19 66
19 92
2 19
19 28
19 84
19 24
19 73
19 98
19 81
19 53
19 75
19 87
12 69
9 12
12 56
12 49
12 82
12 13
12 99
12 80
12 45
12 22
6 12
12 96
12 28
12 59
12 87
12 41
12 20
12 37
12 79
39 69
39 49
13 39
39 99
39 100
39 91
22 39
2 39
28 39
39 84
39 48
24 39
39 73
39 59
39 53
39 87
20 39
31 39
39 79
52 72
9 72
72 76
72 93
56 72
49 72
72 82
13 72
72 80
45 72
66 72
36 72
72 92
2 72
6 72
72 96
28 72
59 72
72 98
41 72
31 72
52 69
9 52
52 76
52 93
49 52
52 80
45 52
52 100
52 66
52 92
2 52
6 52
52 84
48 52
24 52
52 73
52 59
46 52
52 87
37 52
31 52
52 79
9 69
69 76
69 93
69 82
69 99
45 69
69 100
69 91
36 69
69 92
69 96
48 69
69 73
59 69
69 98
53 69
46 69
41 69
20 69
31 69
9 93
9 56
9 49
9 82
9 13
9 80
9 45
9 100
9 91
9 36
9 92
9 96
9 28
9 59
9 98
9 53
9 41
9 20
9 31
76 93
13 76
76 99
76 80
66 76
76 92
2 76
76 84
53 76
76 87
20 76
56 93
80 93
45 93
91 93
34 93
22 93
84 93
48 93
93 98
81 93
75 93
87 93
20 93
37 93
31 93
79 93
49 56
56 80
56 100
56 91
22 56
6 56
56 96
56 84
48 56
56 73
56 59
56 98
56 81
53 56
56 75
20 56
31 56
56 79
49 82
13 49
49 99
49 100
49 91
49 92
34 49
22 49
2 49
6 49
24 49
49 73
49 59
49 81
49 53
49 75
13 82
82 99
80 82
45 82
82 100
66 82
34 82
22 82
28 82
24 82
73 82
46 82
82 87
41 82
20 82
31 82
79 82
13 99
13 80
13 45
13 100
13 91
13 66
13 22
13 96
13 28
13 59
13 98
13 81
13 53
13 75
13 41
13 31
13 79
80 99
66 99
36 99
2 99
96 99
24 99
73 99
75 99
87 99
37 99
31 99
79 99
45 80
80 100
36 80
80 92
80 96
28 80
24 80
73 80
59 80
80 81
41 80
20 80
31 80
79 80
45 100
45 91
22 45
2 45
45 96
28 45
45 48
24 45
45 73
45 81
45 53
45 46
45 87
31 45
91 100
36 100
34 100
22 100
2 100
96 100
59 100
46 100
41 100
37 100
36 91
22 91
91 96
48 91
91 98
87 91
79 91
36 66
22 66
6 66
28 66
66 84
66 98
66 81
53 66
66 87
20 66
66 79
36 92
34 36
22 36
6 36
36 96
28 36
36 84
36 48
24 36
36 73
36 81
36 53
36 87
36 37
31 36
34 92
22 92
6 92
92 96
84 92
24 92
73 92
92 98
81 92
53 92
41 92
20 92
31 92
2 34
34 96
28 34
34 48
24 34
34 59
34 98
34 46
34 87
20 34
31 34
2 22
22 28
22 84
22 48
22 98
22 53
22 75
22 41
20 22
2 6
2 96
2 84
2 24
2 73
2 98
2 81
2 46
2 87
2 37
6 24
6 73
6 98
6 53
6 46
6 41
6 20
6 79
28 96
53 96
46 96
20 96
24 28
28 73
28 98
28 81
28 53
28 75
28 87
20 28
28 31
28 79
46 84
75 84
41 84
20 84
31 84
24 48
48 73
48 59
48 98
48 75
48 87
20 48
31 48
24 81
24 41
20 24
24 31
24 79
73 98
73 75
73 87
20 73
37 73
31 73
73 79
59 98
46 59
59 75
41 59
31 59
59 79
81 98
46 98
75 98
87 98
37 98
79 98
53 81
46 81
75 81
81 87
41 81
79 81
53 75
20 53
46 75
41 46
41 75
20 75
31 75
41 87
37 87
20 41
37 41
31 41
41 79
20 37
20 31
