100 100
-1 -1
463 246
522 213
822 216
278 652
-1 -1
-1 -1
864 213
605 950
-1 -1
276 432
-1 -1
174 894
-1 -1
-1 -1
-1 -1
-1 -1
-1 -1
-1 -1
594 20
76 683
996 233
-1 -1
-1 -1
583 551
581 68
467 362
-1 -1
949 883
-1 -1
92 39
-1 -1
-1 -1
701 524
164 873
-1 -1
-1 -1
0 663
-1 -1
634 753
343 128
-1 -1
-1 -1
-1 -1
205 64
-1 -1
-1 -1
-1 -1
-1 -1
-1 -1
678 218
315 219
-1 -1
431 378
184 650
-1 -1
-1 -1
-1 -1
-1 -1
794 208
8 296
-1 -1
-1 -1
-1 -1
600 728
73 380
-1 -1
279 260
-1 -1
648 939
-1 -1
-1 -1
669 823
987 415
-1 -1
217 933
-1 -1
952 169
847 840
-1 -1
-1 -1
-1 -1
-1 -1
258 167
135 175
322 159
453 518
386 708
-1 -1
212 7
-1 -1
136 759
417 404
558 596
-1 -1
483 221
-1 -1
183 789
588 148
214 303
23 41
23 72
41 53
7 53
7 50
2 50
2 26
26 78
66 78
48 66
39 48
4 39
4 31
31 65
65 74
70 74
14 70
13 14
3 13
3 64
27 64
27 86
10 86
10 59
36 59
9 36
9 38
38 96
45 96
35 45
35 88
21 88
1 21
1 6
6 80
22 80
22 81
81 94
33 94
33 47
47 95
57 95
51 57
51 68
20 68
20 91
24 91
24 67
67 76
76 97
11 97
11 89
60 89
60 77
62 77
30 62
30 98
85 98
79 85
75 79
8 75
8 93
17 93
17 49
49 54
54 83
42 83
42 63
46 63
46 69
69 99
16 99
16 40
40 100
71 100
15 71
15 44
44 55
55 84
84 87
56 87
56 61
12 61
12 29
29 58
52 58
43 52
19 43
19 73
32 73
32 37
28 37
25 28
25 82
18 82
18 34
5 34
5 92
90 92
72 90
