55 55
713 493
601 526
107 723
522 626
844 715
532 294
144 15
659 476
452 724
997 443
562 405
89 465
42 766
704 281
95 373
193 310
31 559
871 931
468 760
348 333
249 203
47 234
39 224
559 113
57 674
465 246
653 670
811 433
241 512
112 852
103 972
582 803
421 353
529 1
839 83
392 577
613 954
228 359
731 612
65 436
461 447
918 27
205 660
117 529
343 335
139 824
927 133
13 857
106 140
76 268
135 48
930 925
537 401
191 78
612 157
28 36
28 51
36 46
46 50
1 50
1 35
35 53
14 53
14 29
29 33
7 33
7 41
8 41
8 11
11 16
6 16
6 13
13 39
23 39
23 55
27 55
5 27
5 20
20 21
21 31
31 44
32 44
32 45
45 54
52 54
49 52
34 49
34 38
30 38
17 30
17 19
9 19
9 10
10 40
24 40
24 47
4 47
4 37
18 37
3 18
3 12
12 15
15 48
43 48
2 43
2 22
22 26
25 26
25 42
42 51
