665.0000000000 407.7142857143
881.0000000000 876.0000000000
861.6666666667 806.6666666667
298.6000000000 293.0000000000
738.3333333333 434.8333333333
471.0000000000 634.5000000000
705.0000000000 255.1428571429
659.0000000000 420.3333333333
650.0000000000 464.9285714286
803.1666666667 714.6666666667
645.0000000000 484.0000000000
433.3333333333 623.6666666667
329.0000000000 763.6666666667
616.0000000000 690.0000000000
840.3333333333 385.3333333333
860.6666666667 630.6666666667
269.0000000000 738.0000000000
539.8000000000 796.8000000000
589.5000000000 724.0000000000
870.8333333333 753.3333333333
762.2000000000 366.0000000000
637.2500000000 667.0000000000
675.0000000000 369.5714285714
203.6666666667 834.1666666667
361.0000000000 40.5714285714
349.0000000000 761.0000000000
604.6666666667 534.6666666667
385.2000000000 765.2000000000
764.0000000000 807.0000000000
685.0000000000 331.4285714286
70.0000000000 934.0000000000
695.0000000000 293.2857142857
319.0000000000 765.0000000000
482.6666666667 728.6666666667
860.0000000000 507.0000000000
763.4000000000 660.0000000000
230.6000000000 733.6000000000
260.0000000000 396.5000000000
655.0000000000 445.8571428571
700.0000000000 274.2142857143
441.0000000000 46.8571428571
351.1666666667 680.8333333333
761.0000000000 72.0000000000
670.0000000000 388.6428571429
660.0000000000 426.7857142857
601.0000000000 59.4285714286
820.0000000000 140.0000000000
772.2222222222 554.4444444444
777.0000000000 575.0000000000
597.6666666667 509.3333333333
554.5000000000 594.0000000000
690.5000000000 845.0000000000
696.3333333333 719.3333333333
515.5000000000 566.5000000000
681.0000000000 65.7142857143
727.7500000000 922.5000000000
762.8000000000 513.0000000000
538.5000000000 586.0000000000
715.0000000000 217.0000000000
228.0000000000 312.0000000000
333.3333333333 791.6666666667
761.6000000000 219.0000000000
339.0000000000 762.3333333333
383.7500000000 387.0000000000
375.8333333333 733.3333333333
596.6666666667 649.3333333333
382.5000000000 542.5000000000
684.4444444444 601.8888888889
910.0000000000 710.0000000000
336.4000000000 644.0000000000
830.1666666667 262.6666666667
257.0000000000 247.0000000000
157.7777777778 886.5555555556
680.0000000000 350.5000000000
762.0000000000 395.0000000000
201.0000000000 28.0000000000
653.2500000000 767.5000000000
849.0000000000 860.0000000000
120.0000000000 601.0000000000
694.4000000000 828.4000000000
341.0000000000 44.0000000000
323.8000000000 527.0000000000
281.0000000000 34.2857142857
337.3333333333 734.3333333333
690.0000000000 312.3571428571
245.5555555556 839.1111111111
710.0000000000 236.0714285714
765.0000000000 1000.0000000000
679.8333333333 452.1666666667
311.2000000000 410.0000000000
76.0000000000 702.0000000000
872.0000000000 335.0000000000
508.8888888889 696.7777777778
286.0000000000 176.0000000000
813.3333333333 903.3333333333
421.1111111111 744.2222222222
458.0000000000 333.6666666667
850.5000000000 508.0000000000
521.0000000000 53.1428571429
510.5000000000 527.0000000000
