55 54
518 412
437 17
933 258
324 251
359 248
104 575
157 944
368 231
282 17
535 30
455 161
118 563
460 270
298 83
753 544
429 491
271 472
984 486
169 324
710 603
881 988
764 735
497 334
763 934
293 689
51 589
248 225
143 115
129 195
648 654
717 235
796 451
300 327
354 557
953 596
550 858
653 363
620 566
298 516
512 726
425 995
677 256
561 133
783 249
669 588
584 494
436 653
426 276
875 11
221 18
350 157
237 17
265 222
885 447
389 86
16 42
8 16
13 16
16 46
16 32
16 22
2 16
16 38
16 51
16 25
16 50
12 16
16 41
16 17
16 35
7 16
16 36
16 33
10 16
1 16
6 16
16 52
16 18
9 16
11 16
16 45
16 34
15 16
16 53
16 30
5 16
14 16
16 37
16 27
16 31
16 49
16 40
16 20
16 29
16 43
16 47
16 39
16 19
3 16
16 44
16 23
16 24
16 54
16 48
16 55
4 16
16 26
16 21
16 28
