100 99
845 808
-1 -1
887 579
664 501
947 14
-1 -1
315 353
-1 -1
173 993
963 216
60 143
-1 -1
778 765
119 184
-1 -1
411 114
155 677
714 255
294 712
-1 -1
288 788
951 266
606 251
843 979
-1 -1
-1 -1
-1 -1
-1 -1
-1 -1
-1 -1
-1 -1
-1 -1
285 223
724 577
-1 -1
-1 -1
605 181
-1 -1
-1 -1
158 718
-1 -1
-1 -1
-1 -1
-1 -1
229 883
-1 -1
500 988
-1 -1
666 510
-1 -1
751 131
539 662
-1 -1
-1 -1
-1 -1
-1 -1
-1 -1
170 931
15 660
-1 -1
209 310
309 230
-1 -1
-1 -1
422 96
-1 -1
-1 -1
514 721
877 510
83 989
-1 -1
-1 -1
737 560
188 324
373 124
-1 -1
435 926
-1 -1
-1 -1
338 641
113 78
808 857
-1 -1
-1 -1
-1 -1
16 768
279 214
542 534
-1 -1
-1 -1
987 349
330 998
-1 -1
998 592
136 890
-1 -1
-1 -1
-1 -1
165 338
-1 -1
70 95
24 95
17 95
61 95
67 95
52 95
7 70
70 96
16 24
24 98
24 28
17 40
6 17
17 65
17 42
17 100
7 8
7 22
7 56
7 79
57 61
65 82
19 65
36 57
57 89
35 36
77 96
87 96
27 96
35 53
35 99
4 35
8 39
8 68
8 64
82 92
48 82
53 58
53 97
22 25
22 50
78 99
91 99
78 86
26 39
39 45
31 39
3 39
26 49
1 89
91 94
41 91
11 19
19 30
19 84
1 73
1 55
33 73
18 73
23 73
34 73
15 73
2 42
10 42
44 77
67 90
67 85
14 30
30 32
20 33
49 88
72 94
66 94
83 86
13 86
46 87
71 87
9 92
46 74
12 83
20 29
62 68
59 84
21 45
18 60
72 75
51 60
58 63
13 54
47 50
75 80
43 75
31 93
79 81
5 93
38 74
23 69
23 37
14 76
