963.0000000000 311.0000000000
963.0000000000 311.0000000000
963.0000000000 311.0000000000
963.0000000000 311.0000000000
963.0000000000 311.0000000000
963.0000000000 311.0000000000
963.0000000000 311.0000000000
963.0000000000 311.0000000000
963.0000000000 311.0000000000
963.0000000000 311.0000000000
963.0000000000 311.0000000000
963.0000000000 311.0000000000
963.0000000000 311.0000000000
963.0000000000 311.0000000000
963.0000000000 311.0000000000
963.0000000000 311.0000000000
963.0000000000 311.0000000000
963.0000000000 311.0000000000
963.0000000000 311.0000000000
963.0000000000 311.0000000000
963.0000000000 311.0000000000
963.0000000000 311.0000000000
963.0000000000 311.0000000000
963.0000000000 311.0000000000
963.0000000000 311.0000000000
963.0000000000 311.0000000000
963.0000000000 311.0000000000
963.0000000000 311.0000000000
963.0000000000 311.0000000000
963.0000000000 311.0000000000
963.0000000000 311.0000000000
963.0000000000 311.0000000000
963.0000000000 311.0000000000
963.0000000000 311.0000000000
963.0000000000 311.0000000000
963.0000000000 311.0000000000
963.0000000000 311.0000000000
963.0000000000 311.0000000000
963.0000000000 311.0000000000
963.0000000000 311.0000000000
963.0000000000 311.0000000000
963.0000000000 311.0000000000
963.0000000000 311.0000000000
963.0000000000 311.0000000000
963.0000000000 311.0000000000
963.0000000000 311.0000000000
963.0000000000 311.0000000000
963.0000000000 311.0000000000
963.0000000000 311.0000000000
963.0000000000 311.0000000000
963.0000000000 311.0000000000
963.0000000000 311.0000000000
963.0000000000 311.0000000000
963.0000000000 311.0000000000
963.0000000000 311.0000000000
