698.6250000000 554.8750000000
738.8750000000 631.6250000000
505.2000000000 99.8000000000
249.0000000000 309.3333333333
42.0000000000 471.0000000000
59.0000000000 366.0000000000
459.3333333333 769.0000000000
481.4285714286 35.8571428571
427.0000000000 236.0000000000
928.4285714286 305.0000000000
930.0000000000 17.0000000000
261.0000000000 19.0000000000
593.0000000000 453.0000000000
718.7500000000 593.2500000000
501.6666666667 602.6666666667
614.6666666667 935.6666666667
441.0000000000 951.0000000000
482.0000000000 34.0000000000
369.2857142857 40.5714285714
524.0000000000 490.0000000000
941.8571428571 545.0000000000
546.3333333333 377.3333333333
257.1428571429 45.2857142857
353.0000000000 568.6666666667
658.3750000000 478.1250000000
948.5714285714 665.0000000000
705.7142857143 26.4285714286
598.0000000000 363.0000000000
479.3333333333 715.3333333333
921.7142857143 185.0000000000
788.3333333333 920.3333333333
759.0000000000 670.0000000000
638.2500000000 439.7500000000
955.2857142857 785.0000000000
568.6666666667 264.6666666667
591.0000000000 152.0000000000
250.6666666667 620.0000000000
915.0000000000 65.0000000000
935.1428571429 425.0000000000
76.0000000000 261.0000000000
817.8571428571 21.7142857143
575.0000000000 476.0000000000
678.5000000000 516.5000000000
621.5000000000 697.0000000000
457.0000000000 828.0000000000
962.0000000000 905.0000000000
528.4000000000 165.6000000000
922.5000000000 41.0000000000
593.5714285714 31.1428571429
145.0000000000 50.0000000000
574.8000000000 297.2000000000
551.6000000000 231.4000000000
618.1250000000 401.3750000000
668.0000000000 918.0000000000
528.5000000000 255.0000000000
