518.7995377918 483.3533521597
287.0000000000 56.0000000000
716.0000000000 882.0000000000
895.0000000000 284.0000000000
508.0122555419 508.8721599750
306.0000000000 534.0000000000
475.4068945062 506.6578942448
720.0000000000 596.0000000000
497.1901655006 507.8675801742
513.1760175706 493.7531731871
503.6512292790 504.2747396125
547.0000000000 169.0000000000
492.5165051559 488.6861356054
512.4205474749 484.9047358757
449.6611876526 517.3843117153
301.0000000000 45.0000000000
165.0000000000 698.0000000000
830.0000000000 671.0000000000
735.0000000000 827.0000000000
127.0000000000 98.0000000000
416.0000000000 228.0000000000
523.1996928539 508.5573509132
515.3835298353 489.0678287717
497.1058386115 514.4570059833
510.3198632742 472.8832963755
478.0000000000 614.0000000000
396.0000000000 923.0000000000
516.1992770317 501.2795913472
479.1933420234 521.2979390513
374.0000000000 974.0000000000
498.1986199297 495.1070344004
499.8442798037 509.0593728570
522.2978949792 537.7736458296
44.0000000000 262.0000000000
487.9042726382 511.1465448137
500.2586499491 480.3163803632
862.0000000000 398.0000000000
523.5030001233 506.0058468204
578.0000000000 179.0000000000
505.6144086609 522.3366575892
577.0000000000 159.0000000000
505.0946565061 488.1090218959
507.9539604043 487.5763041137
509.8086319996 526.4283269352
335.0000000000 473.0000000000
954.0000000000 531.0000000000
794.0000000000 891.0000000000
493.2524877988 488.7838860561
494.9900873734 475.0992932294
652.0000000000 759.0000000000
493.7274727390 503.5851977992
8.0000000000 221.0000000000
475.0000000000 685.0000000000
491.1439219695 505.8641874058
926.0000000000 12.0000000000
503.1250810953 510.1695019162
82.0000000000 526.0000000000
1000.0000000000 259.0000000000
412.0000000000 542.0000000000
927.0000000000 396.0000000000
495.8071700775 506.8301131749
477.0016958695 469.0592097087
477.1887610447 490.6824306699
499.1066140173 498.2619095866
519.4465914678 477.4161142522
562.0000000000 746.0000000000
652.0000000000 886.0000000000
510.1079497188 485.8404062135
321.0000000000 439.0000000000
509.3157880395 479.0800801503
474.1308374119 557.6594744619
206.0000000000 944.0000000000
648.0000000000 262.0000000000
502.9276334951 510.9174729614
523.0000000000 714.0000000000
458.0172431063 461.0362730066
474.6841337793 488.9173244755
330.0000000000 703.0000000000
533.0906041140 485.0873903794
284.0000000000 728.0000000000
490.2783742944 486.5707756669
488.8745310318 533.9336434399
212.0000000000 945.0000000000
496.3320335556 478.3275676985
527.0000000000 729.0000000000
491.4461365392 480.7427972715
587.0000000000 191.0000000000
492.0294067608 507.2285173151
511.4445909665 502.1101283750
237.0000000000 439.0000000000
234.0000000000 981.0000000000
969.0000000000 356.0000000000
293.0000000000 622.0000000000
488.0000000000 416.0000000000
501.0000000000 450.0000000000
474.7465274057 438.7893858613
887.0000000000 25.0000000000
778.0000000000 290.0000000000
488.0757849159 503.1439359639
307.0000000000 280.0000000000
