49.0000000000 58.0000000000
868.0000000000 125.0000000000
519.0000000000 335.0000000000
157.0000000000 37.0000000000
362.0000000000 924.0000000000
358.0000000000 934.0000000000
692.0000000000 338.0000000000
655.0000000000 715.0000000000
23.0000000000 968.0000000000
906.0000000000 21.0000000000
487.0000000000 17.0000000000
692.0000000000 263.0000000000
319.0000000000 833.0000000000
670.0000000000 623.0000000000
503.0000000000 420.0000000000
311.0000000000 914.0000000000
940.0000000000 75.0000000000
958.0000000000 89.0000000000
564.0000000000 811.0000000000
990.0000000000 987.0000000000
753.0000000000 16.0000000000
721.0000000000 589.0000000000
186.0000000000 993.0000000000
811.0000000000 708.0000000000
921.0000000000 211.0000000000
30.0000000000 961.0000000000
730.0000000000 57.0000000000
142.0000000000 179.0000000000
352.0000000000 440.0000000000
804.0000000000 545.0000000000
961.0000000000 509.0000000000
320.0000000000 240.0000000000
195.0000000000 918.0000000000
627.0000000000 17.0000000000
306.0000000000 641.0000000000
816.0000000000 162.0000000000
29.0000000000 428.0000000000
481.0000000000 324.0000000000
3.0000000000 665.0000000000
692.0000000000 27.0000000000
534.0000000000 759.0000000000
477.0000000000 237.0000000000
656.0000000000 705.0000000000
381.0000000000 830.0000000000
786.0000000000 942.0000000000
957.0000000000 836.0000000000
844.0000000000 380.0000000000
136.0000000000 582.0000000000
379.0000000000 658.0000000000
977.0000000000 221.0000000000
335.0000000000 925.0000000000
524.0000000000 402.0000000000
541.0000000000 144.0000000000
910.0000000000 431.0000000000
650.0000000000 566.0000000000
907.0000000000 291.0000000000
570.0000000000 100.0000000000
360.0000000000 949.0000000000
295.0000000000 750.0000000000
644.0000000000 261.0000000000
752.0000000000 623.0000000000
166.0000000000 618.0000000000
142.0000000000 467.0000000000
52.0000000000 455.0000000000
480.0000000000 576.0000000000
883.0000000000 594.0000000000
592.0000000000 83.0000000000
743.0000000000 146.0000000000
269.0000000000 719.0000000000
292.0000000000 67.0000000000
391.0000000000 195.0000000000
778.0000000000 211.0000000000
685.0000000000 825.0000000000
230.0000000000 960.0000000000
357.0000000000 89.0000000000
764.0000000000 721.0000000000
145.0000000000 976.0000000000
889.0000000000 696.0000000000
287.0000000000 946.0000000000
876.0000000000 915.0000000000
707.0000000000 384.0000000000
431.0000000000 82.0000000000
875.0000000000 774.0000000000
48.0000000000 574.0000000000
672.0000000000 429.0000000000
850.0000000000 25.0000000000
402.0000000000 545.0000000000
512.0000000000 42.0000000000
430.0000000000 76.0000000000
875.0000000000 268.0000000000
802.0000000000 62.0000000000
940.0000000000 173.0000000000
676.0000000000 350.0000000000
61.0000000000 89.0000000000
369.0000000000 976.0000000000
722.0000000000 946.0000000000
929.0000000000 243.0000000000
840.0000000000 881.0000000000
340.0000000000 673.0000000000
987.0000000000 482.0000000000
