100 100
997 944
372 38
450 981
658 193
888 232
324 108
571 172
26 288
276 733
107 529
66 368
792 192
978 936
365 514
30 574
548 651
157 640
370 414
773 361
351 361
1000 389
500 154
982 575
134 728
827 421
329 209
605 308
496 476
160 321
181 175
278 849
584 253
920 145
922 364
959 904
25 715
200 4
877 43
143 513
815 807
452 666
53 173
607 402
959 177
427 763
847 923
249 999
732 0
387 400
358 360
83 429
928 694
480 516
66 575
802 722
76 459
543 392
650 498
877 543
955 578
430 114
929 982
123 713
191 590
619 371
406 288
678 764
792 239
203 182
135 462
353 107
778 311
697 666
7 801
833 585
906 601
731 98
148 143
107 40
921 395
965 314
99 862
694 541
100 667
265 450
416 104
569 858
803 441
317 278
495 698
956 907
960 483
575 708
90 217
132 424
289 294
415 935
230 623
56 122
486 944
63 64
64 95
47 63
16 47
16 70
70 71
71 91
26 91
6 26
6 94
51 94
36 51
32 36
32 72
72 97
38 97
30 38
30 48
29 48
29 99
49 99
49 88
12 88
3 12
3 37
37 54
41 54
41 46
20 46
20 67
67 82
60 82
60 75
75 81
68 81
68 93
79 93
56 79
27 56
27 65
19 65
11 19
11 55
55 62
7 62
7 43
43 100
23 100
2 23
2 45
45 84
84 98
35 98
35 77
10 77
10 28
28 87
9 87
9 92
53 92
13 53
13 80
14 80
14 15
15 50
42 50
42 86
18 86
17 18
17 39
31 39
24 31
24 25
25 61
61 83
78 83
59 78
40 59
40 85
73 85
73 74
21 74
21 52
52 90
57 90
57 69
4 69
4 44
44 76
76 89
66 89
66 96
1 96
1 33
33 34
5 34
5 22
22 58
8 58
8 95
