55 55
-1 -1
-1 -1
484 322
-1 -1
331 104
715 886
-1 -1
-1 -1
-1 -1
-1 -1
-1 -1
978 111
418 176
-1 -1
414 183
556 541
-1 -1
695 810
855 93
192 170
487 771
-1 -1
639 631
-1 -1
199 698
628 873
-1 -1
-1 -1
265 426
521 226
776 109
-1 -1
-1 -1
446 107
400 203
-1 -1
75 777
654 395
-1 -1
875 36
-1 -1
-1 -1
146 765
-1 -1
547 28
-1 -1
315 800
507 559
-1 -1
705 212
-1 -1
-1 -1
251 264
-1 -1
-1 -1
10 50
10 54
36 50
11 36
11 39
16 39
16 33
5 33
5 37
37 41
40 41
4 40
4 25
25 49
45 49
45 48
28 48
15 28
15 35
12 35
12 34
13 34
2 13
2 46
43 46
30 43
27 30
27 31
3 31
3 14
14 32
8 32
8 53
20 53
20 47
26 47
9 26
9 38
38 55
19 55
7 19
7 21
18 21
17 18
17 52
1 52
1 29
24 29
24 51
6 51
6 42
23 42
22 23
22 44
44 54
