55 1485
-1 -1
-1 -1
-1 -1
-1 -1
-1 -1
-1 -1
-1 -1
-1 -1
-1 -1
-1 -1
-1 -1
-1 -1
-1 -1
-1 -1
-1 -1
-1 -1
-1 -1
-1 -1
-1 -1
-1 -1
-1 -1
-1 -1
-1 -1
-1 -1
-1 -1
-1 -1
-1 -1
-1 -1
-1 -1
-1 -1
-1 -1
-1 -1
-1 -1
-1 -1
-1 -1
-1 -1
-1 -1
-1 -1
-1 -1
-1 -1
-1 -1
-1 -1
930 50
-1 -1
-1 -1
-1 -1
-1 -1
-1 -1
-1 -1
-1 -1
-1 -1
-1 -1
-1 -1
-1 -1
-1 -1
4 30
24 30
30 34
30 39
6 30
30 52
30 55
30 44
22 30
25 30
19 30
30 33
30 31
30 37
30 41
27 30
30 45
30 48
30 46
26 30
1 30
5 30
29 30
30 35
30 42
16 30
30 40
2 30
30 32
30 38
14 30
20 30
23 30
10 30
30 43
12 30
30 36
3 30
9 30
30 50
28 30
30 53
30 49
7 30
8 30
30 51
13 30
21 30
17 30
18 30
30 54
15 30
30 47
11 30
4 24
4 34
4 39
4 6
4 52
4 55
4 44
4 22
4 25
4 19
4 33
4 31
4 37
4 41
4 27
4 45
4 48
4 46
4 26
1 4
4 5
4 29
4 35
4 42
4 16
4 40
2 4
4 32
4 38
4 14
4 20
4 23
4 10
4 43
4 12
4 36
3 4
4 9
4 50
4 28
4 53
4 49
4 7
4 8
4 51
4 13
4 21
4 17
4 18
4 54
4 15
4 47
4 11
24 34
24 39
6 24
24 52
24 55
24 44
22 24
24 25
19 24
24 33
24 31
24 37
24 41
24 27
24 45
24 48
24 46
24 26
1 24
5 24
24 29
24 35
24 42
16 24
24 40
2 24
24 32
24 38
14 24
20 24
23 24
10 24
24 43
12 24
24 36
3 24
9 24
24 50
24 28
24 53
24 49
7 24
8 24
24 51
13 24
21 24
17 24
18 24
24 54
15 24
24 47
11 24
34 39
6 34
34 52
34 55
34 44
22 34
25 34
19 34
33 34
31 34
34 37
34 41
27 34
34 45
34 48
34 46
26 34
1 34
5 34
29 34
34 35
34 42
16 34
34 40
2 34
32 34
34 38
14 34
20 34
23 34
10 34
34 43
12 34
34 36
3 34
9 34
34 50
28 34
34 53
34 49
7 34
8 34
34 51
13 34
21 34
17 34
18 34
34 54
15 34
34 47
11 34
6 39
39 52
39 55
39 44
22 39
25 39
19 39
33 39
31 39
37 39
39 41
27 39
39 45
39 48
39 46
26 39
1 39
5 39
29 39
35 39
39 42
16 39
39 40
2 39
32 39
38 39
14 39
20 39
23 39
10 39
39 43
12 39
36 39
3 39
9 39
39 50
28 39
39 53
39 49
7 39
8 39
39 51
13 39
21 39
17 39
18 39
39 54
15 39
39 47
11 39
6 52
6 55
6 44
6 22
6 25
6 19
6 33
6 31
6 37
6 41
6 27
6 45
6 48
6 46
6 26
1 6
5 6
6 29
6 35
6 42
6 16
6 40
2 6
6 32
6 38
6 14
6 20
6 23
6 10
6 43
6 12
6 36
3 6
6 9
6 50
6 28
6 53
6 49
6 7
6 8
6 51
6 13
6 21
6 17
6 18
6 54
6 15
6 47
6 11
52 55
44 52
22 52
25 52
19 52
33 52
31 52
37 52
41 52
27 52
45 52
48 52
46 52
26 52
1 52
5 52
29 52
35 52
42 52
16 52
40 52
2 52
32 52
38 52
14 52
20 52
23 52
10 52
43 52
12 52
36 52
3 52
9 52
50 52
28 52
52 53
49 52
7 52
8 52
51 52
13 52
21 52
17 52
18 52
52 54
15 52
47 52
11 52
44 55
22 55
25 55
19 55
33 55
31 55
37 55
41 55
27 55
45 55
48 55
46 55
26 55
1 55
5 55
29 55
35 55
42 55
16 55
40 55
2 55
32 55
38 55
14 55
20 55
23 55
10 55
43 55
12 55
36 55
3 55
9 55
50 55
28 55
53 55
49 55
7 55
8 55
51 55
13 55
21 55
17 55
18 55
54 55
15 55
47 55
11 55
22 44
25 44
19 44
33 44
31 44
37 44
41 44
27 44
44 45
44 48
44 46
26 44
1 44
5 44
29 44
35 44
42 44
16 44
40 44
2 44
32 44
38 44
14 44
20 44
23 44
10 44
43 44
12 44
36 44
3 44
9 44
44 50
28 44
44 53
44 49
7 44
8 44
44 51
13 44
21 44
17 44
18 44
44 54
15 44
44 47
11 44
22 25
19 22
22 33
22 31
22 37
22 41
22 27
22 45
22 48
22 46
22 26
1 22
5 22
22 29
22 35
22 42
16 22
22 40
2 22
22 32
22 38
14 22
20 22
22 23
10 22
22 43
12 22
22 36
3 22
9 22
22 50
22 28
22 53
22 49
7 22
8 22
22 51
13 22
21 22
17 22
18 22
22 54
15 22
22 47
11 22
19 25
25 33
25 31
25 37
25 41
25 27
25 45
25 48
25 46
25 26
1 25
5 25
25 29
25 35
25 42
16 25
25 40
2 25
25 32
25 38
14 25
20 25
23 25
10 25
25 43
12 25
25 36
3 25
9 25
25 50
25 28
25 53
25 49
7 25
8 25
25 51
13 25
21 25
17 25
18 25
25 54
15 25
25 47
11 25
19 33
19 31
19 37
19 41
19 27
19 45
19 48
19 46
19 26
1 19
5 19
19 29
19 35
19 42
16 19
19 40
2 19
19 32
19 38
14 19
19 20
19 23
10 19
19 43
12 19
19 36
3 19
9 19
19 50
19 28
19 53
19 49
7 19
8 19
19 51
13 19
19 21
17 19
18 19
19 54
15 19
19 47
11 19
31 33
33 37
33 41
27 33
33 45
33 48
33 46
26 33
1 33
5 33
29 33
33 35
33 42
16 33
33 40
2 33
32 33
33 38
14 33
20 33
23 33
10 33
33 43
12 33
33 36
3 33
9 33
33 50
28 33
33 53
33 49
7 33
8 33
33 51
13 33
21 33
17 33
18 33
33 54
15 33
33 47
11 33
31 37
31 41
27 31
31 45
31 48
31 46
26 31
1 31
5 31
29 31
31 35
31 42
16 31
31 40
2 31
31 32
31 38
14 31
20 31
23 31
10 31
31 43
12 31
31 36
3 31
9 31
31 50
28 31
31 53
31 49
7 31
8 31
31 51
13 31
21 31
17 31
18 31
31 54
15 31
31 47
11 31
37 41
27 37
37 45
37 48
37 46
26 37
1 37
5 37
29 37
35 37
37 42
16 37
37 40
2 37
32 37
37 38
14 37
20 37
23 37
10 37
37 43
12 37
36 37
3 37
9 37
37 50
28 37
37 53
37 49
7 37
8 37
37 51
13 37
21 37
17 37
18 37
37 54
15 37
37 47
11 37
27 41
41 45
41 48
41 46
26 41
1 41
5 41
29 41
35 41
41 42
16 41
40 41
2 41
32 41
38 41
14 41
20 41
23 41
10 41
41 43
12 41
36 41
3 41
9 41
41 50
28 41
41 53
41 49
7 41
8 41
41 51
13 41
21 41
17 41
18 41
41 54
15 41
41 47
11 41
27 45
27 48
27 46
26 27
1 27
5 27
27 29
27 35
27 42
16 27
27 40
2 27
27 32
27 38
14 27
20 27
23 27
10 27
27 43
12 27
27 36
3 27
9 27
27 50
27 28
27 53
27 49
7 27
8 27
27 51
13 27
21 27
17 27
18 27
27 54
15 27
27 47
11 27
45 48
45 46
26 45
1 45
5 45
29 45
35 45
42 45
16 45
40 45
2 45
32 45
38 45
14 45
20 45
23 45
10 45
43 45
12 45
36 45
3 45
9 45
45 50
28 45
45 53
45 49
7 45
8 45
45 51
13 45
21 45
17 45
18 45
45 54
15 45
45 47
11 45
46 48
26 48
1 48
5 48
29 48
35 48
42 48
16 48
40 48
2 48
32 48
38 48
14 48
20 48
23 48
10 48
43 48
12 48
36 48
3 48
9 48
48 50
28 48
48 53
48 49
7 48
8 48
48 51
13 48
21 48
17 48
18 48
48 54
15 48
47 48
11 48
26 46
1 46
5 46
29 46
35 46
42 46
16 46
40 46
2 46
32 46
38 46
14 46
20 46
23 46
10 46
43 46
12 46
36 46
3 46
9 46
46 50
28 46
46 53
46 49
7 46
8 46
46 51
13 46
21 46
17 46
18 46
46 54
15 46
46 47
11 46
1 26
5 26
26 29
26 35
26 42
16 26
26 40
2 26
26 32
26 38
14 26
20 26
23 26
10 26
26 43
12 26
26 36
3 26
9 26
26 50
26 28
26 53
26 49
7 26
8 26
26 51
13 26
21 26
17 26
18 26
26 54
15 26
26 47
11 26
1 5
1 29
1 35
1 42
1 16
1 40
1 2
1 32
1 38
1 14
1 20
1 23
1 10
1 43
1 12
1 36
1 3
1 9
1 50
1 28
1 53
1 49
1 7
1 8
1 51
1 13
1 21
1 17
1 18
1 54
1 15
1 47
1 11
5 29
5 35
5 42
5 16
5 40
2 5
5 32
5 38
5 14
5 20
5 23
5 10
5 43
5 12
5 36
3 5
5 9
5 50
5 28
5 53
5 49
5 7
5 8
5 51
5 13
5 21
5 17
5 18
5 54
5 15
5 47
5 11
29 35
29 42
16 29
29 40
2 29
29 32
29 38
14 29
20 29
23 29
10 29
29 43
12 29
29 36
3 29
9 29
29 50
28 29
29 53
29 49
7 29
8 29
29 51
13 29
21 29
17 29
18 29
29 54
15 29
29 47
11 29
35 42
16 35
35 40
2 35
32 35
35 38
14 35
20 35
23 35
10 35
35 43
12 35
35 36
3 35
9 35
35 50
28 35
35 53
35 49
7 35
8 35
35 51
13 35
21 35
17 35
18 35
35 54
15 35
35 47
11 35
16 42
40 42
2 42
32 42
38 42
14 42
20 42
23 42
10 42
42 43
12 42
36 42
3 42
9 42
42 50
28 42
42 53
42 49
7 42
8 42
42 51
13 42
21 42
17 42
18 42
42 54
15 42
42 47
11 42
16 40
2 16
16 32
16 38
14 16
16 20
16 23
10 16
16 43
12 16
16 36
3 16
9 16
16 50
16 28
16 53
16 49
7 16
8 16
16 51
13 16
16 21
16 17
16 18
16 54
15 16
16 47
11 16
2 40
32 40
38 40
14 40
20 40
23 40
10 40
40 43
12 40
36 40
3 40
9 40
40 50
28 40
40 53
40 49
7 40
8 40
40 51
13 40
21 40
17 40
18 40
40 54
15 40
40 47
11 40
2 32
2 38
2 14
2 20
2 23
2 10
2 43
2 12
2 36
2 3
2 9
2 50
2 28
2 53
2 49
2 7
2 8
2 51
2 13
2 21
2 17
2 18
2 54
2 15
2 47
2 11
32 38
14 32
20 32
23 32
10 32
32 43
12 32
32 36
3 32
9 32
32 50
28 32
32 53
32 49
7 32
8 32
32 51
13 32
21 32
17 32
18 32
32 54
15 32
32 47
11 32
14 38
20 38
23 38
10 38
38 43
12 38
36 38
3 38
9 38
38 50
28 38
38 53
38 49
7 38
8 38
38 51
13 38
21 38
17 38
18 38
38 54
15 38
38 47
11 38
14 20
14 23
10 14
14 43
12 14
14 36
3 14
9 14
14 50
14 28
14 53
14 49
7 14
8 14
14 51
13 14
14 21
14 17
14 18
14 54
14 15
14 47
11 14
20 23
10 20
20 43
12 20
20 36
3 20
9 20
20 50
20 28
20 53
20 49
7 20
8 20
20 51
13 20
20 21
17 20
18 20
20 54
15 20
20 47
11 20
10 23
23 43
12 23
23 36
3 23
9 23
23 50
23 28
23 53
23 49
7 23
8 23
23 51
13 23
21 23
17 23
18 23
23 54
15 23
23 47
11 23
10 43
10 12
10 36
3 10
9 10
10 50
10 28
10 53
10 49
7 10
8 10
10 51
10 13
10 21
10 17
10 18
10 54
10 15
10 47
10 11
12 43
36 43
3 43
9 43
43 50
28 43
43 53
43 49
7 43
8 43
43 51
13 43
21 43
17 43
18 43
43 54
15 43
43 47
11 43
12 36
3 12
9 12
12 50
12 28
12 53
12 49
7 12
8 12
12 51
12 13
12 21
12 17
12 18
12 54
12 15
12 47
11 12
3 36
9 36
36 50
28 36
36 53
36 49
7 36
8 36
36 51
13 36
21 36
17 36
18 36
36 54
15 36
36 47
11 36
3 9
3 50
3 28
3 53
3 49
3 7
3 8
3 51
3 13
3 21
3 17
3 18
3 54
3 15
3 47
3 11
9 50
9 28
9 53
9 49
7 9
8 9
9 51
9 13
9 21
9 17
9 18
9 54
9 15
9 47
9 11
28 50
50 53
49 50
7 50
8 50
50 51
13 50
21 50
17 50
18 50
50 54
15 50
47 50
11 50
28 53
28 49
7 28
8 28
28 51
13 28
21 28
17 28
18 28
28 54
15 28
28 47
11 28
49 53
7 53
8 53
51 53
13 53
21 53
17 53
18 53
53 54
15 53
47 53
11 53
7 49
8 49
49 51
13 49
21 49
17 49
18 49
49 54
15 49
47 49
11 49
7 8
7 51
7 13
7 21
7 17
7 18
7 54
7 15
7 47
7 11
8 51
8 13
8 21
8 17
8 18
8 54
8 15
8 47
8 11
13 51
21 51
17 51
18 51
51 54
15 51
47 51
11 51
13 21
13 17
13 18
13 54
13 15
13 47
11 13
17 21
18 21
21 54
15 21
21 47
11 21
17 18
17 54
15 17
17 47
11 17
18 54
15 18
18 47
11 18
15 54
47 54
11 54
15 47
11 15
11 47
