55 54
83 45
-1 -1
-1 -1
185 2
42 383
-1 -1
714 753
-1 -1
-1 -1
-1 -1
-1 -1
-1 -1
-1 -1
820 239
-1 -1
-1 -1
-1 -1
-1 -1
-1 -1
-1 -1
874 991
-1 -1
389 497
-1 -1
-1 -1
-1 -1
-1 -1
411 397
-1 -1
-1 -1
-1 -1
-1 -1
-1 -1
-1 -1
578 178
-1 -1
-1 -1
-1 -1
-1 -1
449 558
246 420
-1 -1
-1 -1
-1 -1
-1 -1
-1 -1
277 743
793 763
276 441
-1 -1
-1 -1
-1 -1
-1 -1
-1 -1
-1 -1
36 50
14 50
27 50
50 52
12 50
22 50
47 50
49 50
20 50
37 50
15 50
7 50
8 50
16 50
23 50
4 50
35 50
3 50
40 50
50 53
1 50
17 50
10 50
48 50
24 50
19 50
25 50
26 50
44 50
33 50
43 50
39 50
9 50
13 50
6 50
11 50
42 50
46 50
5 50
31 50
50 55
50 51
2 50
41 50
34 50
28 50
32 50
30 50
50 54
18 50
45 50
21 50
29 50
38 50
