100 100
-1 -1
881 876
-1 -1
-1 -1
-1 -1
-1 -1
-1 -1
-1 -1
-1 -1
-1 -1
645 484
-1 -1
-1 -1
616 690
-1 -1
-1 -1
269 738
-1 -1
-1 -1
-1 -1
-1 -1
-1 -1
-1 -1
-1 -1
-1 -1
349 761
-1 -1
-1 -1
764 807
-1 -1
70 934
-1 -1
319 765
-1 -1
860 507
-1 -1
-1 -1
-1 -1
-1 -1
-1 -1
-1 -1
-1 -1
761 72
-1 -1
-1 -1
-1 -1
820 140
-1 -1
777 575
-1 -1
-1 -1
-1 -1
-1 -1
-1 -1
-1 -1
-1 -1
-1 -1
-1 -1
715 217
228 312
-1 -1
-1 -1
-1 -1
-1 -1
-1 -1
-1 -1
-1 -1
-1 -1
910 710
-1 -1
-1 -1
257 247
-1 -1
-1 -1
762 395
201 28
-1 -1
849 860
120 601
-1 -1
341 44
-1 -1
-1 -1
-1 -1
-1 -1
-1 -1
-1 -1
765 1000
-1 -1
-1 -1
76 702
872 335
-1 -1
286 176
-1 -1
-1 -1
-1 -1
-1 -1
-1 -1
-1 -1
19 34
19 53
34 65
17 65
17 42
12 42
12 54
50 54
50 89
75 89
49 75
49 79
67 79
11 67
9 11
9 39
39 45
1 45
1 44
23 44
23 74
30 74
30 85
32 85
32 40
7 40
7 87
59 87
59 91
37 91
28 37
18 28
18 80
78 80
58 78
58 60
51 60
2 51
2 20
16 20
16 98
15 98
15 71
47 71
47 94
4 94
4 90
82 90
70 82
26 70
26 63
13 63
13 33
33 38
38 76
76 83
25 83
25 41
41 99
46 99
46 55
43 55
43 62
21 62
21 57
36 57
29 36
22 29
22 100
64 100
64 72
72 97
8 97
8 35
35 48
48 68
66 68
66 93
93 96
61 96
61 86
73 86
31 73
24 31
24 84
6 84
6 27
5 27
5 92
81 92
14 81
14 77
52 77
52 56
56 88
88 95
3 95
3 69
10 69
10 53
