492.3426211279 575.1582719848
427.0000000000 754.0000000000
451.6881285688 576.2108584995
484.5045263947 572.9515271994
69.0000000000 721.0000000000
504.1477197755 558.4430676082
467.0000000000 311.0000000000
495.2079937492 553.2075360327
870.0000000000 234.0000000000
695.0000000000 344.0000000000
482.8596562477 580.4605062930
491.5786497635 596.2989408985
469.6541967150 567.7839628554
481.7644289374 599.5912518483
205.0000000000 595.0000000000
477.2102952319 547.3520024286
473.4249485020 576.4091366492
469.8003204784 579.4198498013
501.8685875402 533.3241451031
496.5763511142 572.4077321340
632.0000000000 223.0000000000
332.0000000000 892.0000000000
490.5952311680 570.8773007659
458.8900019424 598.6854782909
491.9600829437 565.2680983667
17.0000000000 606.0000000000
485.8114614834 560.7008665326
505.8110702803 555.6519530091
489.4267381275 558.0168129504
492.2619492599 555.0525781060
478.9668795783 558.7673557579
491.9935615001 554.3264183409
469.3275953295 589.2254932000
493.0000000000 435.0000000000
229.0000000000 307.0000000000
493.5659396850 557.9545466416
466.1481991109 570.8165682132
375.0000000000 903.0000000000
471.4003248289 594.5832845160
506.0745354491 563.3245002807
146.0000000000 778.0000000000
631.0000000000 939.0000000000
603.0000000000 875.0000000000
468.2089508522 560.7877296774
490.2597156229 547.5154350790
484.2468484708 578.9425829063
484.9084539865 556.2177495606
470.6482795133 581.4474545699
33.0000000000 949.0000000000
497.1686626048 565.3062378796
477.6481133546 576.4313367333
496.3349879078 569.0094632974
491.7567968408 558.4500201805
401.0000000000 916.0000000000
474.6629988230 568.7454139774
485.2548669481 572.4197130379
474.3779740774 570.8635006695
472.1703875458 571.9170155213
493.8137590197 576.9796839075
502.4108421440 577.1855692697
491.7333509491 553.3183011606
505.4138665535 570.8119717998
343.0000000000 760.0000000000
492.0311008829 555.7421128399
469.7201921956 571.7561317920
977.0000000000 267.0000000000
852.0000000000 799.0000000000
453.4690244555 598.9715160781
492.3047873211 554.3306885816
485.5333815455 570.0256234440
475.2984807353 585.4538478154
757.0000000000 299.0000000000
438.0000000000 413.0000000000
485.1835781034 554.6672069924
454.8375297542 586.6200316802
487.5735900988 597.9785402644
778.0000000000 115.0000000000
497.0077702503 567.3427278522
462.7619245834 561.2264383742
488.8062351117 535.5697736596
484.7756137559 578.7415420255
493.0367834071 567.8303969274
812.0000000000 513.0000000000
488.8031969820 591.2579637393
476.4547957704 562.4989968705
499.1298129235 555.9940247880
481.1746983681 565.6900053832
468.4635910694 580.4052527063
468.6327364501 576.7263374432
497.5209605108 563.3727228592
436.0000000000 372.0000000000
481.0904756632 574.9945163264
494.3870273220 572.1339355660
480.0381725469 596.7377014255
513.9108510726 551.1163769271
494.5558737222 571.1524136841
496.2258761244 534.7603412657
507.7454514767 545.1701996740
473.9401778334 572.2180306622
478.6531455258 586.7369826199
