100 99
-1 -1
-1 -1
-1 -1
-1 -1
-1 -1
-1 -1
-1 -1
-1 -1
-1 -1
-1 -1
-1 -1
-1 -1
-1 -1
-1 -1
-1 -1
-1 -1
-1 -1
-1 -1
-1 -1
-1 -1
-1 -1
-1 -1
-1 -1
-1 -1
-1 -1
-1 -1
-1 -1
-1 -1
-1 -1
-1 -1
-1 -1
-1 -1
-1 -1
-1 -1
-1 -1
-1 -1
-1 -1
-1 -1
-1 -1
-1 -1
-1 -1
-1 -1
-1 -1
-1 -1
-1 -1
-1 -1
-1 -1
-1 -1
-1 -1
-1 -1
-1 -1
-1 -1
-1 -1
-1 -1
-1 -1
-1 -1
-1 -1
-1 -1
-1 -1
-1 -1
-1 -1
-1 -1
-1 -1
-1 -1
-1 -1
-1 -1
-1 -1
-1 -1
-1 -1
-1 -1
-1 -1
155 845
-1 -1
-1 -1
-1 -1
-1 -1
-1 -1
-1 -1
-1 -1
-1 -1
-1 -1
-1 -1
-1 -1
-1 -1
-1 -1
-1 -1
-1 -1
-1 -1
-1 -1
-1 -1
-1 -1
-1 -1
-1 -1
-1 -1
-1 -1
-1 -1
-1 -1
-1 -1
-1 -1
-1 -1
98 100
14 98
38 98
33 98
90 98
32 98
42 98
96 98
18 98
36 98
82 98
34 98
64 98
61 98
45 98
91 98
70 98
16 98
24 98
54 98
49 98
79 98
94 98
13 98
81 98
89 98
60 98
27 98
55 98
58 98
28 98
2 98
10 98
30 98
46 98
15 98
7 98
59 98
12 98
35 98
5 98
52 98
41 98
3 98
51 98
19 98
71 98
31 98
74 98
69 98
65 98
92 98
76 98
98 99
83 98
86 98
25 98
68 98
78 98
43 98
73 98
88 98
87 98
93 98
48 98
80 98
84 98
97 98
62 98
67 98
75 98
56 98
8 98
9 98
44 98
50 98
11 98
1 98
29 98
17 98
4 98
37 98
77 98
22 98
47 98
20 98
53 98
21 98
85 98
66 98
63 98
72 98
95 98
39 98
26 98
6 98
23 98
40 98
57 98
