997.0000000000 944.0000000000
372.0000000000 38.0000000000
450.0000000000 981.0000000000
658.0000000000 193.0000000000
888.0000000000 232.0000000000
324.0000000000 108.0000000000
571.0000000000 172.0000000000
26.0000000000 288.0000000000
276.0000000000 733.0000000000
107.0000000000 529.0000000000
66.0000000000 368.0000000000
792.0000000000 192.0000000000
978.0000000000 936.0000000000
365.0000000000 514.0000000000
30.0000000000 574.0000000000
548.0000000000 651.0000000000
157.0000000000 640.0000000000
370.0000000000 414.0000000000
773.0000000000 361.0000000000
351.0000000000 361.0000000000
1000.0000000000 389.0000000000
500.0000000000 154.0000000000
982.0000000000 575.0000000000
134.0000000000 728.0000000000
827.0000000000 421.0000000000
329.0000000000 209.0000000000
605.0000000000 308.0000000000
496.0000000000 476.0000000000
160.0000000000 321.0000000000
181.0000000000 175.0000000000
278.0000000000 849.0000000000
584.0000000000 253.0000000000
920.0000000000 145.0000000000
922.0000000000 364.0000000000
959.0000000000 904.0000000000
25.0000000000 715.0000000000
200.0000000000 4.0000000000
877.0000000000 43.0000000000
143.0000000000 513.0000000000
815.0000000000 807.0000000000
452.0000000000 666.0000000000
53.0000000000 173.0000000000
607.0000000000 402.0000000000
959.0000000000 177.0000000000
427.0000000000 763.0000000000
847.0000000000 923.0000000000
249.0000000000 999.0000000000
732.0000000000 0.0000000000
387.0000000000 400.0000000000
358.0000000000 360.0000000000
83.0000000000 429.0000000000
928.0000000000 694.0000000000
480.0000000000 516.0000000000
66.0000000000 575.0000000000
802.0000000000 722.0000000000
76.0000000000 459.0000000000
543.0000000000 392.0000000000
650.0000000000 498.0000000000
877.0000000000 543.0000000000
955.0000000000 578.0000000000
430.0000000000 114.0000000000
929.0000000000 982.0000000000
123.0000000000 713.0000000000
191.0000000000 590.0000000000
619.0000000000 371.0000000000
406.0000000000 288.0000000000
678.0000000000 764.0000000000
792.0000000000 239.0000000000
203.0000000000 182.0000000000
135.0000000000 462.0000000000
353.0000000000 107.0000000000
778.0000000000 311.0000000000
697.0000000000 666.0000000000
7.0000000000 801.0000000000
833.0000000000 585.0000000000
906.0000000000 601.0000000000
731.0000000000 98.0000000000
148.0000000000 143.0000000000
107.0000000000 40.0000000000
921.0000000000 395.0000000000
965.0000000000 314.0000000000
99.0000000000 862.0000000000
694.0000000000 541.0000000000
100.0000000000 667.0000000000
265.0000000000 450.0000000000
416.0000000000 104.0000000000
569.0000000000 858.0000000000
803.0000000000 441.0000000000
317.0000000000 278.0000000000
495.0000000000 698.0000000000
956.0000000000 907.0000000000
960.0000000000 483.0000000000
575.0000000000 708.0000000000
90.0000000000 217.0000000000
132.0000000000 424.0000000000
289.0000000000 294.0000000000
415.0000000000 935.0000000000
230.0000000000 623.0000000000
56.0000000000 122.0000000000
486.0000000000 944.0000000000
