462.0000000000 946.0000000000
14.0000000000 419.0000000000
459.0000000000 991.0000000000
395.0000000000 173.0000000000
465.0000000000 699.0000000000
820.0000000000 50.0000000000
377.0000000000 32.0000000000
851.0000000000 161.0000000000
373.0000000000 281.0000000000
875.0000000000 186.0000000000
558.0000000000 274.0000000000
349.0000000000 835.0000000000
328.0000000000 516.0000000000
699.0000000000 482.0000000000
539.0000000000 5.0000000000
370.0000000000 354.0000000000
848.0000000000 559.0000000000
28.0000000000 313.0000000000
389.0000000000 931.0000000000
283.0000000000 434.0000000000
182.0000000000 683.0000000000
233.0000000000 851.0000000000
331.0000000000 781.0000000000
261.0000000000 991.0000000000
547.0000000000 862.0000000000
670.0000000000 734.0000000000
989.0000000000 264.0000000000
594.0000000000 148.0000000000
522.0000000000 446.0000000000
119.0000000000 398.0000000000
192.0000000000 300.0000000000
339.0000000000 284.0000000000
305.0000000000 200.0000000000
145.0000000000 145.0000000000
461.0000000000 112.0000000000
573.0000000000 545.0000000000
682.0000000000 860.0000000000
19.0000000000 500.0000000000
987.0000000000 963.0000000000
740.0000000000 127.0000000000
736.0000000000 425.0000000000
519.0000000000 833.0000000000
413.0000000000 71.0000000000
662.0000000000 946.0000000000
139.0000000000 271.0000000000
379.0000000000 732.0000000000
195.0000000000 98.0000000000
745.0000000000 347.0000000000
780.0000000000 84.0000000000
370.0000000000 883.0000000000
335.0000000000 346.0000000000
73.0000000000 703.0000000000
453.0000000000 385.0000000000
612.0000000000 255.0000000000
426.0000000000 936.0000000000
149.0000000000 25.0000000000
694.0000000000 909.0000000000
950.0000000000 784.0000000000
640.0000000000 119.0000000000
197.0000000000 614.0000000000
531.0000000000 170.0000000000
53.0000000000 744.0000000000
267.0000000000 45.0000000000
46.0000000000 914.0000000000
649.0000000000 709.0000000000
837.0000000000 968.0000000000
127.0000000000 782.0000000000
121.0000000000 915.0000000000
283.0000000000 910.0000000000
671.0000000000 81.0000000000
22.0000000000 235.0000000000
751.0000000000 859.0000000000
88.0000000000 910.0000000000
541.0000000000 944.0000000000
666.0000000000 203.0000000000
237.0000000000 623.0000000000
776.0000000000 622.0000000000
57.0000000000 984.0000000000
60.0000000000 339.0000000000
319.0000000000 89.0000000000
72.0000000000 557.0000000000
520.0000000000 390.0000000000
81.0000000000 602.0000000000
536.0000000000 712.0000000000
61.0000000000 509.0000000000
421.0000000000 324.0000000000
899.0000000000 491.0000000000
50.0000000000 978.0000000000
910.0000000000 987.0000000000
910.0000000000 766.0000000000
270.0000000000 479.0000000000
52.0000000000 864.0000000000
860.0000000000 76.0000000000
455.0000000000 578.0000000000
327.0000000000 690.0000000000
469.0000000000 48.0000000000
185.0000000000 40.0000000000
839.0000000000 269.0000000000
608.0000000000 660.0000000000
982.0000000000 860.0000000000
