713.0000000000 493.0000000000
601.0000000000 526.0000000000
107.0000000000 723.0000000000
522.0000000000 626.0000000000
844.0000000000 715.0000000000
532.0000000000 294.0000000000
144.0000000000 15.0000000000
659.0000000000 476.0000000000
452.0000000000 724.0000000000
997.0000000000 443.0000000000
562.0000000000 405.0000000000
89.0000000000 465.0000000000
42.0000000000 766.0000000000
704.0000000000 281.0000000000
95.0000000000 373.0000000000
193.0000000000 310.0000000000
31.0000000000 559.0000000000
871.0000000000 931.0000000000
468.0000000000 760.0000000000
348.0000000000 333.0000000000
249.0000000000 203.0000000000
47.0000000000 234.0000000000
39.0000000000 224.0000000000
559.0000000000 113.0000000000
57.0000000000 674.0000000000
465.0000000000 246.0000000000
653.0000000000 670.0000000000
811.0000000000 433.0000000000
241.0000000000 512.0000000000
112.0000000000 852.0000000000
103.0000000000 972.0000000000
582.0000000000 803.0000000000
421.0000000000 353.0000000000
529.0000000000 1.0000000000
839.0000000000 83.0000000000
392.0000000000 577.0000000000
613.0000000000 954.0000000000
228.0000000000 359.0000000000
731.0000000000 612.0000000000
65.0000000000 436.0000000000
461.0000000000 447.0000000000
918.0000000000 27.0000000000
205.0000000000 660.0000000000
117.0000000000 529.0000000000
343.0000000000 335.0000000000
139.0000000000 824.0000000000
927.0000000000 133.0000000000
13.0000000000 857.0000000000
106.0000000000 140.0000000000
76.0000000000 268.0000000000
135.0000000000 48.0000000000
930.0000000000 925.0000000000
537.0000000000 401.0000000000
191.0000000000 78.0000000000
612.0000000000 157.0000000000
