100
-7986 1112 -5473 358
-1009 5926 5769 9954
832 -1167 -7448 5029
-4771 -6472 6791 -1515
8314 3256 9923 4673
3804 -4789 9905 3734
-5859 -6317 9153 -6349
-3905 5803 -360 -6723
3951 -1408 -952 -6375
1655 6681 7564 -7552
-9736 -8660 9917 -9515
-5462 -5974 3372 2617
5772 -9114 265 -5399
-7213 2846 8979 -2624
-8404 -3144 3514 -9096
-8455 9630 3087 -5659
8358 -262 3326 3261
7902 -8206 4604 7773
-5236 8368 -5835 -3207
9285 -4484 -7075 8892
5387 -570 -1223 -1720
-3066 3210 -9706 -8311
7153 -7701 -9664 -673
-4938 -5385 6623 -5590
-6248 886 -9790 594
-5237 822 8951 -7950
-7178 2223 -3214 -1682
4780 872 5898 5418
7553 7250 -7236 -7351
339 4377 2572 3215
7767 5729 8064 3954
6995 -7575 -2814 -5291
3094 6758 269 -5145
-7691 -5309 -4892 -8872
2584 8520 -6203 -7769
7182 -1231 8523 -81
1541 5629 3176 9381
458 5294 6790 1312
-2389 6455 -8769 2578
1992 1215 6787 -9775
-1816 8820 -7479 5574
-6365 2058 4260 -2009
7883 -9205 6996 6639
-6342 -8681 8674 1753
-8698 1985 -4108 1170
-1177 5926 5831 3732
-9958 -2262 5643 1280
-4734 -8569 5736 7233
-4597 2624 -570 9014
5849 -3020 -9106 4884
9653 -4318 4472 330
8952 740 4088 8608
-5279 6790 4074 2826
-2227 2079 2484 -327
-2116 -3074 -1647 -2077
7578 9239 2191 4926
-2196 9638 1066 -5201
553 -2019 -5284 -1589
8035 -4332 7580 9544
-6241 4643 5722 -3289
-4052 9671 1728 9832
-1839 -7091 7721 6276
-3110 -375 2769 -1041
6768 -3380 1598 3327
332 -9321 -8581 -3706
-3545 9789 -4641 8258
5018 -7348 -1781 6432
-571 5939 3755 295
2627 -8216 -6231 -8076
965 -4767 -1280 8310
4356 121 7955 3594
5784 2287 -2779 -7062
-7373 -7011 6584 -9426
9088 6812 843 9550
-6862 8465 -2302 -9339
-8649 -6872 226 -7003
9270 2825 -5793 8866
7406 -3518 -900 -318
-4799 -3981 9345 -2594
-5514 -5737 -2519 -1550
6253 -56 -5240 -1110
-3302 -7430 -5533 3335
-4037 -3484 9293 -9437
1516 7623 5720 -5865
-1125 -7328 -849 9632
-2773 -9867 -5301 -3213
8922 -9890 3703 -5834
-5234 5891 7647 -8655
6492 444 -2792 -4286
4962 374 4502 -2417
-978 -3816 -6711 1462
6061 -1082 1554 7650
9288 -736 -2861 -637
8100 2860 -7855 -4260
2306 -6272 9333 -6881
6938 -5463 5100 -5276
3846 -1428 7568 -3608
-4180 -7758 -1315 4434
716 2326 6773 -8321
1282 2780 2581 8008
