100
-42 639 684 679
4015 -1043 -901 250
-601 -215 604 590
4730 2714 1127 643
932 1353 518 884
294 -846 958 -909
258 294 912 -309
165 -411 -269 -4
-2667 245 -495 1
-1447 -1809 -124 -1558
-869 2139 272 -625
-1232 3960 -260 930
-481 -2758 -291 -561
-1160 1188 -305 847
-664 -666 -439 -603
461 273 -394 614
3963 -418 748 -405
-1714 1129 -184 -85
-500 3318 -361 1588
65 365 165 171
-1974 3856 222 -1321
-959 -934 225 264
-256 -166 -199 -244
739 -740 962 867
-877 249 435 -44
1518 -1079 854 -1016
235 365 352 138
332 -746 985 397
-198 -90 -240 549
-1883 2333 -1544 764
2137 2952 -491 -1005
-4186 -655 -1526 140
-1563 -1138 99 969
750 958 -455 153
-1531 -191 -531 -140
589 678 811 820
1479 988 1045 1380
-7013 -950 -1481 25
-2999 -1067 -1113 -584
-477 845 -946 934
-3671 -339 -1219 -286
3544 9 -1116 -151
1205 805 46 -759
-4995 -2872 1380 1071
5197 -400 1658 -669
-170 -2001 604 1609
1572 -1444 -93 395
-207 637 -399 877
2452 -583 -1066 -71
123 1464 541 -1527
1260 -2399 217 -331
-729 290 -337 -785
-2529 933 1164 -133
433 124 329 -291
421 -102 525 313
-262 -2384 348 996
-735 1352 40 337
-2732 518 1238 -342
527 786 961 394
1575 1978 -370 -1173
900 -126 -142 -662
1146 -486 -60 42
70 1476 918 1197
-280 -1437 502 1579
2205 337 765 -1
-5681 -243 -1303 -83
-964 -1230 -266 -259
5140 2046 1008 448
284 596 28 430
205 -579 187 -496
-610 -68 -270 617
-535 997 -493 358
306 -34 348 -673
-791 -582 -891 -388
71 -195 363 -197
243 443 366 34
560 766 -594 -1001
-1437 -53 1181 -113
-279 -365 87 605
793 -558 -530 -809
260 1001 223 132
-713 846 -521 606
-2514 -670 1129 252
654 -603 168 589
659 -752 62 762
72 -140 38 -375
-4110 598 -1374 313
301 -255 812 -2
847 913 -919 -5
4723 -2976 1064 -898
-256 -166 -702 196
-1989 2524 -156 431
653 1143 -43 -654
4394 -431 935 43
-2891 1141 1568 -1392
-1446 3082 -627 1421
608 -613 -922 601
592 4 -773 804
-276 3326 363 842
-793 -36 593 -690
