100
-5876 7730 8652 -5022
-8861 7 4538 6916
8856 3626 -3115 5358
-3334 2826 -7126 -6803
7540 3176 -6016 6604
5288 -4498 -8943 -3397
-2365 -2113 -6883 9611
2385 3319 -7718 7955
-3033 7224 -3489 -2841
6114 -7023 -3727 -6736
6816 -5733 9785 -3601
8030 8901 7032 4143
9685 2940 -1412 5444
9754 -9054 1494 1317
-3253 -8865 -3526 4435
-2947 6972 -3052 -9771
-5303 -2248 4868 5461
-7005 9800 -954 -497
2851 782 -253 -7095
-5921 6264 2142 -7105
-2461 -5541 3413 -2134
-9416 5889 -730 -5283
6947 2129 -5230 -6207
6642 533 492 -7524
1779 -3722 -3439 -328
7086 3888 2414 2935
-8838 -5324 4446 -7474
-570 -4919 7259 -3839
9738 6032 1466 -4910
9182 -5131 8763 4070
-1321 -3067 -6174 -4830
-5436 4465 7571 3887
-4120 -8745 -207 5407
8772 -7206 2015 -6772
-6691 6196 -1951 7053
-8600 -9014 9311 -7174
5258 -1479 9196 -1584
8431 2332 -4677 -2215
-6004 9043 6966 -4762
6274 -2032 -9569 -2579
-5297 9695 -5273 -4943
9399 -4190 -7775 -6540
-844 -6872 -1168 5329
8913 -1547 8950 3757
-8641 -7551 -5368 4795
-8080 1371 907 -1679
3362 2795 -9274 -285
-2075 -3044 -7079 9416
-5282 -1879 7134 -3021
4843 475 -9650 -1793
3789 8947 7015 7947
-5768 875 8660 7474
2721 -3433 -228 -6890
4586 -1164 -2238 -1421
36 -7226 2056 -5251
4743 -9140 2658 4657
-8298 -650 6724 3889
5342 8643 6959 -3622
-4747 -9754 -1258 -6495
2612 -1576 -3518 5885
5428 -1326 6888 3243
-5652 9945 6299 -1214
-4365 -9491 -3193 1104
-1425 -6420 -8978 4289
162 570 -3691 827
3444 -5822 -5940 -1810
1714 5478 4464 -4307
1601 4014 4298 3439
1948 9139 -6541 -7124
8272 4838 -5707 -6853
-9491 7199 2656 5728
-2220 2887 -6834 3823
-8123 -290 9686 -4416
-125 -873 7263 -5923
8281 1055 -9996 -5267
-9951 -6948 1118 1066
4822 -3499 -2046 2271
8726 5113 -1431 7886
-4390 4736 3117 -9514
-6617 -9845 -6490 801
-3194 239 7851 -6231
6417 -130 -6969 -6646
7850 -541 -8004 -1945
-6355 -4609 4567 -4575
-4570 5245 -1552 -4502
4413 8708 -9107 8373
2403 -9465 -5980 -6709
151 -7285 2498 -3163
-1596 2577 -2479 5175
9483 6537 8341 2059
-3887 3941 -9726 9300
3792 9741 -2342 -718
1364 6813 283 5496
5320 -1701 1291 -1061
-4633 -3889 -2718 5147
602 -9240 2199 5540
-618 -1900 -9312 -6661
5049 6959 -4030 -3521
2736 9714 871 8078
-5646 -8922 6106 3564
