100
5302 4446 2050 -9610
-3532 8582 -3315 -7768
6067 -5691 -7125 7006
8151 3269 -860 -3189
-7421 4027 -9253 7843
5636 1230 -9906 -3523
-329 3725 4708 6837
-709 -7897 -8726 -7180
1342 2416 3517 2483
-2392 -721 5882 3124
8146 -9979 4251 -546
5896 -4954 3077 4140
2939 9208 9682 -105
5390 7945 2113 -37
3721 9195 -4432 1359
-8780 3908 4390 4446
169 -7844 -2570 859
-2430 2344 -9213 1103
-4889 -4002 6289 -7735
-6737 -4195 9790 -8952
-2502 -4135 -9676 7045
4328 4139 -4118 -516
3004 4431 207 7410
-8760 -4777 5690 -4828
-6507 -6176 5518 -733
2 -111 2818 -8942
9201 -1245 873 5116
-7778 -8039 -376 -2800
4902 137 7963 -3255
2373 -7771 3891 -8675
-8603 -7004 2086 -9769
-347 119 -8100 -9962
-8916 -8588 -4894 9462
-4455 5392 -7338 9185
-5437 -9338 8373 -5578
-6670 -7483 -7860 9907
-6206 -3389 -6720 5965
4183 -7369 -6228 5518
4604 6430 -4494 7690
-6662 -5472 2206 3832
6759 -5741 -7355 6598
-8851 8122 -1870 -6912
2390 2181 7322 621
8405 8738 7911 2857
50 -2065 8546 -7001
-5004 9823 3274 1939
-707 1563 6561 2243
-9314 -9739 -9960 -5311
-1553 -3136 -5516 -3899
-6205 6041 5856 -5878
-972 -1456 -5451 -8663
-4358 1511 600 -3443
-6885 6438 6219 -5262
-1765 515 -3790 -6208
-2039 1554 3087 -6621
-995 2709 8262 1695
-8952 879 -2412 2913
-8895 3799 7599 -1148
-4782 -1417 -8471 -1229
-7393 974 3648 -9745
-1262 -2571 -4128 -1697
2101 7163 -6284 -4399
6299 -3472 8576 9995
9441 -7577 3369 -656
-8604 -1545 -9830 -9016
9883 -4801 793 -4365
3255 -2326 9105 7977
-3515 -8966 7796 -3792
4872 7915 4733 9436
969 1358 1967 -6166
-9453 3722 1917 -3904
5725 -2528 2616 9656
-9516 -3834 6198 3545
2855 -4700 -4959 4053
2493 4573 -2966 -1720
-7931 -4814 8629 -9928
-144 -3952 -6765 -4947
-1799 -4221 3039 -1592
7092 3801 499 7644
3904 6072 5207 -6069
-1782 9832 325 -1579
-1728 -665 2301 9920
6837 -9237 6382 6834
6453 -3349 3824 -1079
3325 -8813 -9294 3582
8204 -7194 -883 -9167
-9040 6148 2780 7482
1458 7999 5458 7167
4578 8215 5561 8945
-3938 9239 -9182 9895
1657 -3111 88 4104
-7815 -2818 -6809 -4584
9868 4849 -5783 6289
343 4425 -4937 6015
-1731 6097 1178 7201
-2658 -8529 1821 6734
-1356 2905 7534 9502
-6848 50 -5749 6512
-5424 -5236 -7908 1139
-3625 -8550 -9116 6044
