100
490 -1236 -1193 5733
-613 722 4335 3362
-815 -563 2063 3327
1070 220 3352 -1514
-766 457 4794 4157
1187 -1224 3703 -5846
1130 -997 -3674 7339
-663 367 -71 1087
-1366 1004 3814 1336
-1100 -511 -3158 -3707
335 327 624 1382
-655 -135 1681 4753
-322 1297 682 457
1323 868 2022 354
-156 1287 -1716 1097
-830 -162 -2284 -1706
-585 399 443 1775
-160 -393 -338 -3353
-1220 -642 6156 7454
1001 487 247 2277
-351 -877 769 6979
-45 1139 -1383 653
1409 -577 -3031 4415
-561 1360 -1746 1338
-821 800 -71 1087
-41 895 624 1382
528 -511 624 1382
93 -1258 -969 -6538
-1293 173 1151 2001
-55 674 -1413 -742
-1231 -990 -3551 -5144
-972 -606 -2774 -3992
-289 -893 -1202 -3168
1395 1326 -1689 1550
-1398 -396 2583 4053
19 585 624 1382
1183 600 -494 2946
-969 1383 5403 1379
-994 764 -71 1087
-592 444 624 1382
890 928 358 1836
-133 646 -9 1528
-891 1425 -71 1087
-31 964 -151 1333
-1077 -1204 935 3378
-701 -1423 -71 1087
-684 1407 1768 127
-771 -941 624 1382
-501 1103 -71 1087
346 -185 -905 3631
-760 -1312 618 3486
122 362 -380 -658
23 1020 117 953
775 -1373 473 4137
-519 -890 -71 1087
971 -685 1665 -4819
-698 -506 -1325 -2099
-1184 -973 6048 8447
510 -580 738 3344
-682 -35 -3294 -2869
1113 184 624 1382
-53 323 1301 2441
-1130 -366 -2189 -1819
-1079 1106 5733 2210
-1390 -691 2638 3455
265 1048 601 1009
-933 689 2181 2075
-648 -775 624 1382
-451 -909 -1526 -3200
-505 1339 624 1382
-432 1190 651 881
1077 -516 171 3280
-615 -592 473 2766
535 -943 446 -3268
-1357 1265 3787 553
-1341 -768 624 1382
-1259 -493 -3635 -3653
601 -1423 670 6992
-1350 -275 6546 6353
-1115 1298 4102 1550
-1348 934 624 1382
-1002 873 -2628 364
-1360 519 3796 2791
-155 -1126 181 7726
-80 1304 2032 1538
499 372 -1211 2517
-309 1144 405 973
988 -181 -1130 2355
-113 -604 -29 2778
-883 -984 -1695 -3055
-500 -967 -2748 -5665
-1066 -531 -3056 -3767
-1399 1082 1257 1092
-620 607 -1718 -353
-1234 326 6198 4550
-683 1067 -3297 437
-905 998 -1739 909
255 560 -114 -262
1125 602 -3659 2542
1106 640 -2425 1981
