100
521 -356 3537 -2756
1015 790 -987 844
405 -1097 -1793 993
1134 -361 4790 -979
-866 -317 -350 478
67 -1313 -2041 3001
855 -1197 -6513 6967
1171 -65 -3145 1753
333 -355 -987 844
554 -128 2095 -1100
446 -144 -694 -52
-243 1131 208 2314
-362 198 -30 448
928 169 -3938 -494
-500 -1401 -1082 2646
533 -648 3573 -3632
103 -1365 1697 -3991
840 -611 3908 -1729
464 -601 1622 -1150
-561 191 -1839 2150
-866 -309 -1229 3150
-3 652 1379 2060
-1311 583 -1928 1218
306 -15 -1694 -89
147 354 -3255 1824
-1088 -1295 -1189 -3434
840 -638 -4641 3808
-231 1399 695 4301
-913 -382 -37 938
889 -296 -6615 4264
92 -987 -694 -52
1040 -552 5094 -3344
-954 257 -1053 2018
-813 -1263 -1509 7165
-894 -454 -1173 3440
-321 -761 -1440 1366
1196 -1013 5562 -4727
-817 -99 -1327 2730
1282 539 -2670 -643
-269 -1028 -2423 4588
247 896 2129 2792
23 -577 -987 844
-42 -1058 -3822 6550
1026 194 2746 440
-776 -1183 -448 3341
-845 -240 -694 -52
426 1312 -3813 -92
-1275 -1019 -699 2707
-253 1125 -694 -52
-159 -707 -1764 1258
-1266 907 -150 655
-875 -1302 -1056 -2552
594 1029 -694 -52
-279 286 429 -272
-985 -341 -987 844
-1041 -1215 -694 -52
-404 806 -1570 882
832 -465 -987 844
-612 336 -940 -1216
220 -837 -4608 5887
-219 -1011 -987 844
1123 412 -4328 -980
907 1417 2801 1990
-1030 -67 -901 2666
1066 156 -4214 -468
-744 -892 -501 -2628
1084 -489 -694 -52
1264 -727 -5489 3986
103 -330 1697 -886
223 231 -3445 -901
935 1000 4193 3104
-869 -1302 -694 -52
-177 399 1443 -491
-757 -7 -568 -142
1270 974 3234 2000
1023 -441 4457 -1219
313 299 1613 -246
1088 558 4652 1778
-361 -59 -28 -66
1095 58 5259 -1514
906 226 -2880 1462
-571 -170 -940 184
-912 154 -762 -1226
439 -1274 1572 -2496
-187 908 -3387 652
977 -491 -6879 4849
418 -602 1823 -2048
-428 -1422 -960 1318
1285 13 5243 143
-547 659 -2307 1399
-1032 175 -987 844
658 -472 -987 844
-14 1366 1932 2410
-1086 999 -1284 1309
455 1007 -694 -52
-255 -267 -1572 378
-820 267 -442 -690
314 -1004 -1702 900
-1219 891 -1451 938
-680 606 -652 1922
