100
-944 5551 -400 1443
504 -1168 1536 -466
1475 668 -404 -570
-390 -63 -1717 101
923 4554 -466 -1679
2307 566 1115 525
193 -48 -274 699
-3079 -3465 588 1087
-252 -1408 -1153 -24
4471 -1055 988 -373
48 248 -469 -1307
3143 2560 829 927
1079 -170 36 396
-1156 -2459 471 245
353 2927 752 1406
-3767 1685 771 -389
64 610 625 -65
1278 3397 349 530
-625 2034 -351 1259
-293 85 255 372
-662 -598 -185 -52
-553 807 -442 -267
2957 2229 -1220 -337
301 -437 -168 373
375 107 -36 -912
427 802 684 -922
-185 -30 886 68
-713 -3732 -510 -892
-111 1074 -1397 -462
-723 -915 -834 159
768 42 832 652
-945 776 -686 466
-2641 838 1086 -14
-9 1196 -726 -839
-186 -209 -108 588
191 1530 -658 -783
11 -1771 -559 1484
-628 -3184 235 900
465 -1869 192 -981
-693 -395 757 1005
-3211 -2165 -932 -930
-192 925 -444 -483
-2218 -937 1186 235
-1454 518 -340 214
4656 4779 800 1000
1803 2577 454 366
659 443 -795 961
301 281 378 -203
-1146 1048 1373 -409
-137 -2559 -137 770
-372 -939 8 -978
-8691 -8111 -1716 -1837
561 -487 -585 561
3462 -2791 797 -963
4201 1683 1167 234
-4039 306 -982 -192
-709 219 -698 -173
771 -289 -261 -991
-1524 -1806 636 199
1407 -990 -1396 598
-615 -664 -98 891
42 6308 118 1319
-391 -806 134 138
-1588 3982 -748 1401
-105 805 551 584
2641 84 397 61
1079 -170 -307 -31
4319 -2795 -1080 875
-196 853 -744 566
-58 -1063 367 -218
-339 -2464 -139 -1087
-271 248 -329 -815
4444 1002 1095 98
569 -2048 186 -552
2261 759 -934 -923
6808 1583 1568 457
740 -601 -992 1144
-2972 7692 -544 1820
-430 -329 683 -951
-4034 3733 -1021 727
-3591 2252 -1113 1220
-1332 453 122 -65
-2615 4939 -689 1742
1210 3560 888 1014
1522 -2135 486 -915
-2699 3296 -694 945
954 935 -949 -356
-356 900 723 730
-3015 -4313 -883 -1467
368 -1861 -111 137
-1097 591 -49 457
164 -741 155 455
810 -642 1221 377
380 -39 -807 -1857
431 915 -51 -954
5485 4324 1307 1512
-867 900 -127 299
1076 4338 506 764
1987 -500 998 -848
-858 -610 469 -774
