100
-1086 -690 -818 616
2109 2485 -455 -560
31 -680 -260 -804
-427 2531 88 418
-852 -982 -57 14
-361 -5831 121 -1255
443 79 974 -592
-1946 1682 -1884 589
-941 69 -910 -611
74 -292 -616 714
3574 3254 908 562
-4123 -301 961 167
-245 -836 -571 781
844 62 -320 304
789 -295 -88 -637
1199 1365 -616 -1508
-686 -153 810 882
2019 1966 681 197
853 -116 98 1178
-67 -2529 197 965
-1593 81 -698 -321
483 -103 -903 878
3395 1670 -1300 -337
1083 2305 -118 -1326
-867 441 -257 -224
625 -1162 -85 -1079
-1021 2186 -592 1160
-99 -759 -825 -834
3840 4661 617 1191
-2922 3636 652 -1064
-507 -798 692 567
-416 249 108 615
332 -413 192 779
-2290 52 525 74
7447 2439 -1875 -645
-68 66 311 -470
-909 -374 913 130
-6462 5368 1670 -1578
656 -156 10 -57
-978 -877 -564 191
1652 21 -835 -766
1822 504 -1547 -45
-4669 -562 1143 254
-7 615 -1503 -420
-3303 210 -1366 -262
-2092 443 -1121 851
-2208 673 -801 179
876 3 626 -1620
-2088 -1566 -782 -414
-1802 1356 175 -361
1179 -606 365 -141
675 -126 144 545
-2064 -3680 -206 -970
-2846 1894 697 -630
-2057 -371 763 521
-966 444 759 -314
-1554 -527 -852 366
-2553 2257 1011 -793
1917 -440 869 -482
-5817 2584 -1503 612
1028 2054 432 1120
761 -213 -479 -13
296 1659 -314 -520
-550 -738 721 783
-971 -219 -325 -318
1355 -2729 -600 1435
-110 -781 140 842
31 -680 -880 -302
1039 2381 -244 -1385
-296 785 459 -509
-588 456 -393 592
-326 1617 743 -327
-3746 491 -472 -98
-50 -1053 -867 -308
1764 626 1386 1122
-563 -98 254 -843
752 2802 114 1218
-588 -486 377 493
-36 1284 186 168
815 698 -193 -920
627 -347 -339 97
-429 913 -279 -346
-268 -1306 -640 -93
3854 -3304 1698 -1168
524 366 -432 367
-1240 200 1697 126
-664 -3011 -543 -1330
1692 -1736 -499 624
-3765 -987 -803 -522
-329 -2568 -717 -1024
-849 1945 -530 106
1282 -1686 1261 -943
1242 649 364 636
1836 -2955 854 -960
506 -383 -361 58
588 -1426 16 -448
-67 829 -335 -477
-243 -2270 131 337
2527 -1976 -1166 1056
963 -631 -489 3
