100
-103 -1625 -450 -1632
610 1988 363 16
165 -681 360 1785
-98 942 -235 -142
300 -614 241 700
222 887 -95 363
1075 3666 -270 -1180
240 -956 -602 968
2746 1901 -746 -231
-1399 -3994 541 1735
716 847 881 166
-711 866 333 -924
-642 -973 -35 395
-505 -96 -94 214
393 -849 -946 -746
-942 509 -1549 -859
432 -199 -592 -468
-1391 -1561 778 440
2641 -1066 594 -298
3033 -5596 775 -1504
-875 918 391 -954
987 -622 470 -747
-45 2442 326 -537
3616 -3814 928 -709
-1024 -269 122 523
5790 -6891 -1508 1673
-768 662 -1030 -1013
764 -889 613 489
-853 324 -384 -283
-333 1180 274 134
1982 3311 -1375 -1943
1301 6423 195 1295
1207 390 -942 -264
-1568 -80 960 -879
3163 -3857 704 -966
-299 84 -487 -760
4041 -302 1076 -81
-1809 580 1292 -705
764 -889 -252 1243
89 1107 -19 447
-478 2749 275 -914
-908 673 175 298
-2640 -1092 -936 -877
-44 -920 221 -794
1068 -273 1046 -2
-1056 504 -217 337
-161 843 165 791
282 332 -330 -195
331 63 -138 670
2104 2722 -1497 -1354
-555 -3339 -451 -1673
259 515 318 -799
-107 -631 -875 31
2093 -1179 -1062 167
1257 -1763 327 -341
476 72 415 252
-542 -393 -1625 -18
-955 822 448 246
-1405 -6161 -438 -1542
-174 -1205 -143 681
-2640 2112 -1302 1328
-1876 502 -517 -711
-118 -67 453 101
711 -468 -857 -548
-1305 -386 278 -215
262 -1816 552 -1870
1045 1274 179 22
-1338 -1157 -817 476
-2408 -2189 -444 -269
-823 -346 -54 338
-3624 -2926 -714 -897
384 -676 731 -669
5431 -519 1291 -50
-1633 -118 -251 -12
2093 2827 964 1754
-1455 -2386 686 1702
-562 -2496 41 863
-266 852 498 -37
265 126 474 -1759
2306 -131 -1837 -476
-242 707 -763 -926
156 -664 -195 488
114 -129 270 -793
-19 -569 489 639
2076 4823 209 1167
-1331 -1790 1014 1266
-940 -1784 -274 -280
-4497 -511 -731 -487
979 571 -882 615
-621 4068 281 -1377
1886 2750 285 1254
-654 428 377 -584
-3252 2371 -587 579
179 -755 -199 -813
1051 -2927 -456 801
-851 -1796 -330 -163
836 1010 -607 -534
80 1895 -342 1392
106 -100 875 584
863 917 94 233
