100
-962 186 663 -478
-860 -786 852 -406
-1648 634 1159 -805
3699 5438 631 947
-685 -698 -990 194
7466 -3888 1558 -983
-1001 -3536 523 1280
2967 -381 -1373 -177
-1974 -1207 -748 -626
1537 -534 -530 416
2268 3597 -794 -1538
885 814 -656 -948
2231 2096 -517 -525
437 -1599 926 -1428
5689 -1284 -1365 242
-144 -786 -869 -114
-319 -362 1268 -730
-962 186 509 500
-141 -2129 -221 -993
2865 772 -796 -158
-16 -349 -779 384
-500 1108 -167 1007
-1264 -1913 -313 -354
2630 -1315 -1036 757
1320 3049 281 917
-650 812 -97 157
-1585 4534 -6 -1457
-2536 1147 -770 111
694 317 739 -659
6022 -2145 -1476 529
220 319 235 51
-2325 -1459 865 710
1228 1009 -342 -153
445 2548 142 151
799 59 -163 245
-4263 1939 1330 -888
281 -696 -118 -140
-4229 991 -1222 241
150 129 694 832
1695 1121 736 252
15 -268 852 749
624 -927 -979 -764
805 59 -782 427
1688 723 614 -5
664 -800 399 993
-481 365 -4 663
1158 3042 331 987
1782 -156 -188 -402
1785 -206 1663 778
-1587 368 718 -626
2978 -2737 1081 -1510
219 298 442 915
-1983 -1224 1014 124
-3489 1818 951 -725
588 -532 889 -675
-352 -1333 137 -1162
477 298 -1057 538
-800 1277 787 909
-2296 5103 -710 1100
-2209 -2702 1127 863
-1771 3981 84 -1909
1027 -717 -237 31
827 -259 673 479
145 654 156 -797
-891 876 -232 903
45 -976 405 1108
1970 -1737 447 -706
-1516 236 -753 -497
347 -527 370 -420
-773 -454 410 498
659 27 -302 861
203 -726 883 -205
-994 1757 729 36
700 -177 20 -698
-324 1027 -113 -1002
-3281 -1408 847 888
-795 351 -153 261
-489 -171 780 -1273
400 -171 -460 -957
-3782 3672 -993 544
831 -1494 1209 -931
595 325 429 -581
-212 -109 277 62
563 1401 663 334
258 -655 -231 -826
-841 598 753 40
6079 -4091 1307 -1023
4440 -1268 -1321 522
2942 2339 -1759 -1387
643 -823 319 204
-74 -245 196 426
3916 2194 -911 -414
-1181 1683 -209 475
353 -574 -103 450
859 -63 318 -340
2028 834 1495 324
-45 -362 411 -1386
-1592 -458 -829 -1191
4549 4564 943 1094
888 667 1212 -360
