100
7722 -3104 -9865 -5532
7394 6046 113 2456
7823 7603 -7836 -7435
9819 6146 -9499 -3317
3741 1796 226 -7257
-9239 -2165 -9087 9264
6798 2042 -4975 5261
-1533 -6390 9448 4652
-876 -2807 2540 2584
6607 1133 -2519 9340
-1354 -7085 -8558 -4928
339 9142 8466 5893
-7926 7279 5710 4244
467 2633 -9205 -6180
4229 9895 -5623 -5356
-8981 -6104 4082 -1878
-8959 -1088 -1344 2592
-6218 1266 -444 2246
-3790 7751 7757 -8047
1100 6888 8095 -9543
-4711 6235 -9281 -1551
865 -5489 1273 -6746
8390 3685 -7783 -1759
8694 -6586 7062 -7540
9208 -5798 5901 -8865
7046 -2680 1381 -6828
8277 -2891 -4194 -2459
3075 -3401 9948 4384
1416 -4824 -1180 1420
7933 -3421 -2920 5261
280 -5791 -930 8386
-9986 -7272 750 104
592 -8850 -7229 -9538
-419 -6243 -4545 -979
-3401 6800 8175 1349
4715 -7087 3586 6473
7429 3407 -5980 -7367
9450 5170 621 -4294
-283 -2102 4318 -605
-8973 -9250 -9731 -1176
-7504 260 384 7951
-582 -8413 -1847 6928
-5412 -1495 9567 -8163
2734 3716 -797 9085
-2613 -1695 248 7458
6039 4706 -5974 3882
2270 -4445 7062 -8320
-2431 5640 2573 -8998
-2186 -7343 102 -6775
-4016 -5784 4341 -9503
1867 7219 3562 -5919
7279 -1922 6378 -770
-1201 3245 4139 5424
-8088 -4619 7178 1708
-3366 -1834 -5048 -2749
-143 -5239 -3896 8077
-1795 7831 -9108 -4061
-2378 3676 -4861 -2026
8349 -5779 9051 -4495
-1876 7170 -190 -9311
5102 -3454 -7957 3501
-4502 2485 6565 2710
-3038 2609 7472 7240
6160 -6624 -5846 -7184
7459 -9619 -7322 -9655
-2037 2971 4758 -963
3515 1314 2985 -1538
-7489 -4832 9203 -2049
-3123 -8515 -8242 6753
-7804 4622 -1842 4765
-5594 9654 6701 -525
-9558 9607 -5159 1508
1730 2026 -257 6441
-1694 -5622 -9263 5710
-3460 9941 3005 1120
5516 -124 4430 -5435
5579 -304 874 1436
9762 2474 2971 8964
3148 6433 -239 8504
-2292 -3814 4133 -2910
-1312 6854 -4515 6700
-5404 9574 6953 7423
6590 5592 1197 -1514
4202 -116 4949 7259
-8291 -3633 -1579 5034
-7747 -9402 -3406 9568
-6618 -1600 -9966 -2904
-3938 -4312 1808 9968
-1229 -9705 -9460 -9324
9908 -4513 171 -2263
2879 6377 1903 1623
-7123 9073 4153 -6221
-9190 -4358 -9533 9460
7422 -1070 1560 -3165
2581 -3551 461 -3956
-4141 6262 -5048 9379
6568 3359 9228 -2572
-9910 -8226 4291 9807
-8973 -5559 6464 -7208
3740 168 870 -3805
