100
5429 -7445 8797 7155
-8344 -5436 5284 8452
-5564 8453 -1537 -7348
-89 1689 -5722 5332
2144 -8599 808 -6617
-6701 -6394 41 103
9009 1969 -4086 -9768
5566 3269 3257 -2990
-7008 3689 -1258 5935
4153 6148 2346 -5235
4064 -3261 3896 -3707
-1231 -7651 -5516 5236
546 1890 -453 4741
1258 -1938 -4683 5111
-5821 1136 -2821 6292
-4943 -6825 7586 9210
9809 4573 421 -4293
-7134 358 -4654 -1077
1673 -6179 -6316 2413
553 739 147 920
-9951 -3800 -91 -3888
-4438 8277 -4789 5572
-2112 -7400 7159 -1494
-6535 -8330 2414 -7076
2814 5199 5880 -5386
-5391 -8110 -6296 -5046
-6077 3240 9906 -6923
-782 -7319 8897 9025
-6735 -2893 -100 3204
-4361 7401 4831 -1257
1066 -4280 3227 -1452
-4194 -4697 -7193 -3073
7043 1717 4937 -7025
879 6919 3904 -95
5029 -8157 -5412 1440
-4254 6367 -2589 -2426
-7865 -5883 4417 4228
-6739 1820 -2638 -6033
563 -5610 -3469 -2239
7931 304 6271 1254
9324 5767 6525 -1155
-301 -9403 -4096 -1101
-3587 6399 7971 -6391
216 4408 -4299 -6406
-8410 4919 7372 7316
8398 8441 7909 2313
3757 403 9929 1071
-2571 841 6199 -5255
7027 -9147 5788 -5419
-9955 -7246 8415 -9387
-5468 -6416 -8200 522
218 -3650 -7946 -8430
-2472 -4189 1791 2544
7372 2063 3720 -3126
2849 -8702 9540 -2694
8643 -9760 4612 -9648
3595 -4972 -3409 -7923
8969 -5763 368 -807
-339 4824 1214 7159
3544 6094 803 -1277
6920 -27 4538 7505
881 3151 988 3224
-815 -9533 -2986 5300
-210 3210 4043 -5747
-4139 5640 -3763 -4403
-3677 -7447 -1131 6469
6588 -4633 9243 -3940
5891 -6023 5770 -1870
4222 -3981 -6192 -8218
6904 -8748 -7056 -6905
9375 -5500 -5179 8446
-3124 1767 1999 -6728
-6861 2342 6000 -5884
998 8791 7113 -3343
9897 -2668 9568 8680
4548 9760 -597 -6873
-5402 3709 -6870 -3824
-5732 -4170 -1294 -969
638 -4458 4601 1011
7899 -6722 -7040 2986
-9623 -7959 -3820 1254
4260 -1867 842 4007
9306 -5940 754 -7854
5784 9923 6160 -270
-1972 2570 -8065 1300
864 -4462 -7058 8361
-954 5014 -9797 -4768
-5372 8278 8591 1067
4882 -7785 2765 -1095
5342 -720 -9046 3253
-9221 4930 -6354 -5681
-151 798 -241 9884
-4903 6030 4571 -9774
9956 637 -4914 3569
-9127 -212 -4155 8927
-4867 -7436 3801 6774
4838 7504 -5457 3767
1127 -5668 8402 1782
9361 -4478 -7299 -6956
-2061 -6319 -3374 5675
