100
-516 512 6556 -4112
22 -1138 2482 -150
-180 -839 -1467 -1142
-621 -559 6871 -899
120 -796 2384 -492
-762 -703 -2776 -762
-262 -631 -956 -1249
-1152 1225 -5960 4963
-1261 187 1252 -644
-1411 -710 -4074 -776
-233 1135 -1737 -7165
208 563 -2243 -3946
476 -225 -1076 613
1393 57 -6615 -3931
-476 -441 -210 557
-976 902 -1710 4586
212 -1394 1252 -644
-942 15 -3136 674
-1056 -907 1252 -644
546 -122 2856 1514
-219 788 -1779 -6124
589 1269 2578 -4470
-1315 112 3819 -1400
17 -693 -1861 -1434
-742 233 7234 -3275
-1360 1229 9088 -6263
-1425 1112 3929 -2400
-701 -1149 -885 -1567
-399 1295 -1029 -5410
-381 1123 -3647 4657
98 805 -2210 3703
-1108 -1114 -3468 -1584
-851 -268 117 -2956
-1233 -609 3737 -679
-1271 -152 -6317 832
-974 -801 121 -1218
1347 -1296 1252 -644
-966 185 105 -3190
426 857 -400 2358
-10 172 -2406 -4276
876 1 1628 -1289
-186 -1313 -1032 -567
-277 -611 -3335 -545
-502 950 3006 -2238
709 1013 166 2670
-123 1152 1252 -644
-1202 139 -2388 2297
-226 -103 -992 -1777
-443 -1110 -609 -940
-897 -1172 -1473 -1636
681 -543 1971 -146
779 948 2167 2836
-818 14 7462 -2618
-1152 -544 3656 -744
898 -1070 1960 208
-853 470 -1341 3290
-612 -658 -615 -376
-225 -1190 -993 -690
192 -48 3372 -1836
143 1020 3470 -3972
128 -519 -609 -940
-1179 593 8545 -4355
-639 39 -609 -940
72 -864 -2652 -1168
-692 810 -609 -940
-338 -637 -880 -1243
1427 -987 -2645 -893
-929 -252 -1249 436
-988 -1306 -5468 -2630
-221 -716 -609 -940
459 214 2595 2522
-605 665 -613 -2545
-269 -727 -3311 -893
397 347 -1313 2329
-328 -86 -1452 -3502
129 -1321 -994 -1998
1005 -658 1746 -616
-980 -388 -1722 716
757 1312 -4707 -7696
-734 -775 -4706 -1037
610 -764 3048 -412
890 -1228 -609 -940
-322 279 252 2717
-378 -1374 84 -2242
31 1012 3694 -3956
-1372 1311 9124 -6509
1061 -1027 679 -1793
761 348 2131 1636
-330 587 -888 -2467
-667 170 1252 -644
1304 -1110 1408 -2042
1069 -152 -609 -940
-222 -416 552 632
-1230 365 -6194 2383
-282 -11 -3350 1255
-1379 922 1252 -644
589 672 -74 1988
1300 -998 3209 -1056
932 272 -2150 -2152
254 1398 1980 6074
