100
305 1242 -2963 702
286 469 -1310 1745
-766 -708 -1174 -399
-832 364 -1472 -1122
623 124 -3301 -4440
-1328 308 -3268 2958
88 -124 534 769
262 1136 1036 1165
1234 -1054 -1950 -980
384 1217 -2304 887
53 -334 -769 -1700
-347 -1389 -512 1107
439 846 -512 1107
-257 1258 -1277 654
-235 56 -481 -2090
758 1280 -3706 -7908
-1339 -472 -3301 618
-380 483 -292 -5517
1201 352 -2225 1862
-260 269 -358 -1017
101 108 -358 -1017
-1207 -1172 -358 -1017
-1014 39 -1516 -1029
291 -1220 -2118 5761
573 857 1658 607
1222 -991 -1938 -1043
-493 216 -455 -1566
-1399 -864 -358 -1017
437 1108 -2410 1105
-344 -318 -316 1080
-290 -686 -1178 6486
1104 -1238 -1820 -796
-1232 -1198 -1952 -3503
-236 484 40 -139
-192 362 -1472 3342
-87 -970 184 -923
992 1031 2342 3079
-769 -796 259 6816
-1294 -1239 1052 5799
-1165 -375 -1818 -1857
1318 1040 -512 1107
-54 -525 -966 -2001
721 434 -4211 3126
1415 1313 -3904 -5677
1105 -473 4031 615
-333 -1354 -870 6029
862 -273 2082 471
-30 1427 626 6315
119 1236 -1789 -7776
-449 -885 -631 -621
1267 -1355 -5849 8493
591 -1147 -512 1107
954 -1247 3886 -5955
-166 -566 526 -3912
1108 -1142 2728 -3391
801 -945 -1517 -1089
-637 -1229 -79 -805
847 -815 -3973 -1623
-1118 309 402 -2343
-992 305 910 -3661
-1359 -1202 2645 -462
892 1080 -1916 1134
-1416 -1150 -3224 -5664
860 965 2232 823
232 698 -512 1107
917 -137 -2908 -2777
-665 -1227 -358 -1017
460 -647 -1484 2861
-703 -1411 -1085 -6447
-802 -974 86 -1060
-117 -695 -1697 6513
-607 600 -322 2121
-808 1217 376 777
114 -579 -1302 -1893
-1011 385 948 -3821
1396 545 -2420 1669
-578 -1148 -1018 -1410
1136 35 -3346 -3121
988 -1421 2488 -3949
-244 -1023 292 -5283
576 1347 2752 1827
514 1053 -3590 1269
411 573 -1435 1641
838 -1065 -1554 -969
1360 -975 -3794 -1101
711 1259 -2496 -5569
165 301 -881 -2335
-803 -756 87 -1278
11 1061 -727 -3095
-223 1308 -512 1107
1038 1106 3830 5352
203 -935 1325 -771
842 73 -512 1107
20 -1153 -1492 -609
-1154 -1351 130 3565
-1237 109 -512 1107
1017 -569 -5099 6135
-779 -540 22 4401
-413 -782 -248 -1487
-315 1272 -272 3561
